1
9223372036854775807
273
8610882487532388351
261
6881500230622117887
7
2305843009213693951
21
6341068275337658367
19
4035225266123964415
65541
6917388290152726527
4295032833
9223231297218936831
4294967313
8646911282403868671
4294967553
9187343237688328191
65539
4611545280939032575
65793
9187202502347456511
259
4575657221408423935
65553
8646770547062996991
4294967301
6917529025493598207
4294967299
4611686016279904255
327941
6881324308761673727
1103806595333
6881500228466245631
4294971665
8608630685571219455
327701
6340892353477214207
16843011
4575515934164254719
1301
6296032279063953407
281479271743491
4611545278791516159
4294967311
1152921502459363327
21474902021
6917388287468371967
4294967347
3746994887824769023
1114131
4035075732542586879
16843013
6881358943377948671
196615
2305631902981160959
1103806595345
8610882485376516095
1114133
6340918741756280831
21474836487
2305843006529339391
4295294981
6917353103633154047
281479271743745
9187202500199940095
12884902147
4575657218187198463
1287
2260807012939988991
775
2251799813685247999
4296081425
8646761748822491135
69905
8608489950230347775
65621
6196812349773447167
4295163907
4611474910047371263
196627
4035014159891431423
1103806595331
4575657219252551679
16843025
8610741200288219135
31
576460752303423487
307
3710966092953288703
787
3981182070595518463
65587
3746854152483897343
73014444051
4035225263842263039
1114385
8610732953951010815
4294968581
6872493029219893247
12884967427
4611545277717807103
73014444305
8610882485250686975
271
1116892707587883007
21474836741
6881500227937763327
66307
4557502085410586623
281479271743493
6917388288005210111
327687
2305667087353249791
4373
6302787678505009151
21474836501
6341068272653303807
12884901907
4035225262902738943
55
1441151880758558719
4311810305
9187201950444158975
341
6160924290242838527
87
1585267068834414591
4294967381
6196953085114318847
73014509585
8646770544781295615
65551
1152780767118491647
73014444053
6341068273055956991
196867
4575446115175890943
4294968067
4557642820751458303
66821
6872352293879021567
1103806660865
9187202500191584255
12884901895
2305843005992468479
4371
3996944669291315199
281479271743505
8646770544915480575
1120986465541
6872493028674633727
17895697
8608480604381511679
1376341
6196768369308336127
90194313301
6196953084443230207
4915
3690699894630121471
17106181
6872316559751118847
282578800148737
9187201950435737599
5461
6149665291174412287
1112396530435
4557642819669327871
458767
1152675214002225151
1807
1089871109823660031
16974595
4557431166910595071
1245235
3746774987646697471
127
144115188075855871
281487861809155
4611474908973596671
1172526076177
8608630685428613119
281496451874821
6917353103096250367
30064771087
1152921500848750591
81604378675
3746994886616809471
281547992268817
8646761748688240639
50529043
3980970139729264639
219043397683
3746854149061345279
18764712120595
3996944667000700927
84215061
6295855670008741887
4294967551
72057591890444287
4294989141
6149102339073507327
4294971151
1085367508048805887
64424509711
1116892703561351167
844437815230471
2305631899759886335
511
36028797018963967
18764712186129
8608489947939733503
5519033042181
6872352291184181247
844437815230723
4575446111954616319
4785147619639569
8610732951669274623
50529031
2251587882818994175
365072220501
6160924287390711807
3311419786003
3981182067361710079
3311419851523
4557502082176778239
5519032976647
2260807010245148671
65791
71916856549572607
4785147619639315
4035075730260850687
3871
508906757892866047
72340172838076675
4575515932008349567
4294980403
3689573992575795199
4295950351
1152657619668697087
4298309683
3746770587452702719
4300537941
6196766168137596927
844437815230483
4035014156670156799
4345496323
4557430889885204479
13111
1383730985509584895
5519032976661
6296032276369113087
365072220247
1585267065982287871
286331157
6302637560808079359
78643
3689433257234923519
72340172838076677
6881358941222043519
219043332151
1441151877336006655
3311419785991
2251799810451439615
4379182341
6872316420164681727
21847
1537416322793603071
983071
576196869512757247
18764712120597
6302787676214394879
1407396358717701
6881324306077278207
286331155
3996794551594385407
1407396358717461
6340892350792818687
219043332403
3710966089530736639
983311
1116628824797216767
64424574991
1152780763091959807
3342643
3710741792581222399
365072285781
6196812346921320447
3342391
1440927580386492415
87381
6148961603732635647
72340172838076689
8610741198132313983
1407396358717447
2305667084668854271
4581298449
8608480567874289663
4785147619639317
6340918739474544639
5570647
1585080151857692671
84215047
2260630403884777471
5570901
6160737373266116607
64424509471
576460748276891647
69391
1085226772707934207
50791183
1098631193840058367
459007
71811303433306111
219043332223
144115184653303807
50533171
3690487963763867647
844454995361799
2305596714850926591
281539401416719
1152710394347749375
72340181428142339
4575445562190430079
4786247148044561
8610732401905072127
236223201399
1297036688723279871
18773302055219
3708714289775247359
1407465079242773
6340883554565578751
84346127
1107638530533752831
1172812402961
8608480567731683327
1120986468111
1085367507503546367
365073596501
6196768366456209407
286994026530053
6872351741428334591
844437816279091
3746774984425422847
17126741
6148925869604732927
18764730011921
8608480602090897407
30065754127
1152657618058084351
3311419787023
1089871106589851647
300239689945361
8608481151846678527
18781891989845
6158672487601668095
1112396533519
1085367506966675455
14143
221802281647996927
4785164799508565
6196803550861817855
20123955
3708489443011723263
51581715
3978709543822557183
5519032980821
6149665288479571967
90199883861
6196766167466508287
5527622911751
2242792610661924863
17108751
1085191038580031487
90194335061
6149102338402418687
21887
96264442035044351
284786413339395
4557501532420931583
845537343635715
4575445562190413823
281487864954931
3746770586378928127
72340181428011779
4557501532425125759
1318554960691
3692951691012866047
1408495887122693
6881323756313075711
72340172839129361
8608480602225606527
3342463
143890887703789567
983167
143851305285189631
282579069636881
8608480567865868287
844437815492623
1152675210780950527
5701727
432088278506668031
1407396358848527
1152675211317829631
1464583852373
6158672487568637951
462607
1085121219591667711
1163936138511
1107885504298221567
1121070679301
6872316419619422207
286462259
3708493806698495999
17761039
1098613876531920895
236223201343
288230372192288767
282578833834755
4557430889876783103
18764712121685
6149665288883798015
844506535755795
4035005360442916863
22391
1231171548132409343
3604599
1296777207938547711
8031
362539770003324927
3967
76561193665298431
72340190017946885
6872351741430431615
50530063
1089659178957406207
3311419790131
3690699891396313087
373662154847
432345560301699071
1407396359766101
6196768366623940607
5570687
143928271099133951
18773302055699
3978930267417477119
16986931
3689362338734931967
3328599656199
2242792610659827711
1172526084915
3689573992433188863
64424511247
1089871105797128191
286331699
3690549776933191679
365072220287
144115185223729151
845537326859011
4557431713436745727
1172526093653
6149102338930900991
84219221
6149488682119200767
3380139262771
3692951691075780607
1120986486101
6149102338528247807
284786396693251
4557431713432567807
1398101
6148917623267524607
22367
366480419677274111
286462739
3978709784340725759
30064774927
1085367506438193151
16977679
1085155854207942655
5701751
1296779406961803263
5119
15762598695796735
281547996725333
6196766168003346431
844506534707251
3746783780384227327
4785156209573939
3746845353035397119
81607721011
3746770586244743167
281840049258581
6196777162549198847
18781891990805
6293780476422782975
64424509567
144115184049324031
51577651
3692730967484530687
72340241557557521
8608489398184411007
4785147636420881
8608480602099775487
1258291
3689354092397723647
1407404948783111
2305596714850934783
20120371
3692726844315926527
281694021156915
3746845352968290303
365072225621
6149665288322285567
1464583849301
6151917088127582207
373662154871
1297036688756834303
72340172838208259
4557431164754689919
50792199
2242545499192164351
219043337011
3690699891207569407
13183
86694292826882047
1112396542771
3689573991493664767
90194313471
72057591219355647
133143986239
288230371990962175
286994010014981
6872317106812059647
300239705674001
8608489398183886847
1318554964275
3708714289708662783
1407396375495941
6872316557066723327
72340190018208005
6881323756313083775
17904435
3689423911386087423
5587752453461
6151917088159039487
4785147619901525
6196768367026599935
4785147619770419
3746774985364961279
3604543
287970891407556607
282578867520773
6872316420156260351
4785164799770645
6340883554565584895
72340172838339845
6872316557595213695
3347251
3690475594258055167
5519032977167
1089871107128819711
844437832008451
4557431163689320447
1376511
71872876084461567
1407404948652047
1152745578988265471
1407465078194261
6196777162582745087
281694020239411
3746783780317134847
17913173
6148952257883799551
7999
218424581927469055
72340241558602001
8610732401905074047
5587752457493
6293780476421210111
4785156209704979
4035005360442931199
219044577331
3746774984224145407
2047
9007199254740991
1163936137999
1098878305043480575
281496535762181
6872316419627778047
1112447058691
4557430888803074047
281487912141571
4557430888811429887
4786247131271441
8608481151847200767
5527622911247
1107885504564559871
22349141
6151729624255561727
281548277485841
8608480567740039167
3311436759811
4557431163676786687
286332245
6149515173477482495
14199
1230608598178988031
281539401547791
1152745578719838207
2031679
287957697268023295
85267733
6293595074102034431
5576021
6149478374197690367
2031711
432072885343879167
84346631
2242545636631117823
85263701
6151731685839863807
81604378879
72057590682484735
30064771327
72057590279831551
844454995099663
1152710394616168447
84215567
1089694500768448511
1245439
71837691712372735
22352213
6158485023696617471
3380139266835
3978930267413807103
133143986271
432345560066818047
281496452530191
1152657619131793407
3328599655183
1098878305307721727
281840050045013
6196803550828265471
18764712121139
3690699892339507199
5631
24769797950537727
64424968207
1152675209975693311
281496457117781
6196766167600693247
81604391731
3689573991367835647
286594325
6293595177181249535
5519050081541
6872316557056278527
281547994497075
3746770587318452223
1408495870346501
6872317106814148607
286593365
6158487188360134655
281487862595599
1152657618594922495
984847
1089607227032993791
17761551
1107621075786661887
5527622913807
1085367506427707391
4785164803965013
6196766167466473471
4785439677677653
6196768366456174591
847736366891779
4557431163676737535
14335
5629499534213119
373662155007
72057590112059391
22527
6192449487634431
16255
73183493944770559
84348687
1085120532396900351
117901071
1089623857146363903
20132659
3689349144595398655
5348106163126323
3746774984291203071
85284181
6148916936072757247
3380139275059
3689573991355252735
1408495954232581
6872316419619381247
7726646167311
1089871106050883583
4785293648658483
3746774984224110591
18910741009203
3690699891198656511
89462101
6149477687002923007
133143986431
72057589877178367
84870927
1089606539838226431
844643974709299
3746774984224096255
53678899
3690474769624334335
290788693
6149477790082138111
22369621
6148914874488455167
17764111
1085103077649809407
281694023385139
3746770586177601535
7798911
143853504308445183
20972325311283
3690699891261571071
72340181461697283
4557430888803041151
2031871
71784915154239487
72903131381564163
4557431163680931711
1407739957149781
6196768366456168447
4803839334093073
8608480602090862591
72357833744650513
8608480602090864511
72342380451398403
4557431163676753791
3328599658255
1085367506425610239
844489355100175
1152675209975644159
73466089925051653
6872316557058334591
6226047
143840310168911871
286470963
3689353508282171391
3362959394575
1089871105784545279
51589939
3689353267764002815
845537377190659
4557430888803024895
511101108351
144115184082878463
18773302063923
3689573991358922751
4128895
143838111145656319
286994093901061
6872316419617292287
3604735
71798109293772799
300239975158033
8608480567731126271
1318554972979
3689573991292338175
72344588064720133
6872316557056245631
281539402203151
1152657617789616127
270582939775
144115183847997439
3517578220339
3690699891194986495
320017203
3690479133311107071
4786247416484113
8608480567731648511
72340190085317893
6872316419619389311
8191
2251799813685247
844454995886095
1152657618058035199
51316495
1089606402399272959
1970354902204431
1152675210244071423
24447
73746443898191871
5561982650127
1089871105786642431
5587752473941
6149102338391932927
23179938501973
6149665288344829951
1464583869781
6149102338360475647
1407404949307407
1152657618058043391
5862630364501
6149665288311799807
288559923
3690475010142502911
844506537852979
3746770586244694015
76843841185976593
8608480602091386751
284786447024899
4557430888798846975
236223201535
72057590078504959
72340241827041553
8608480567731650431
5911064706613333
6196768366489720831
353703253
6149479851666440191
30591
77124143618719743
5701887
71800308317028351
4785156211802163
3746770586244708351
1412893933634821
6872316557056237567
408021893247
144115183881551871
19056769897813
6149665288313372671
50794255
1085120394957946879
1163936141071
1085367506161369087
1407465083437141
6196766167466467327
1407439308521487
1152675209975652351
286610773
6148917039151972351
18781892007253
6149102338393505791
281840054501461
6196766167432921087
5911339588714581
6196766167432910847
72905330438374147
4557430888798830463
23454816425301
6149102338357854207
21109764272947
3689573991287619583
357913941
6148914702689763327
545460846847
72057589776515071
322122547
3689348835357753343
8323327
71778318084472831
118427407
1085102665332948991
73470488038671621
6872316419617283967
76861433640456465
8608480567731124095
1970389262467087
1152657617789591551
32767
562949953421311
5348243604176947
3746770586177583103
7761005907727
1085367506155077631
217020518514230035
3980970136495406911
858993463
1383505808964190207
56294136361783
1383730982073663487
93823560602967
1537416319930335231
1229782938247303443
3996794549303736183
4222189076152351
576196865486163967
23925738098196567
1585080149005522431
217020518514230023
2251587879585136447
5726623061
6148914691952345087
16557098929951
508906753850605567
4295032831
281472829227007
1095216726271
71916852271382527
361700864190383367
2260630401189896031
16712191
35748421553881087
361700864190383381
6295855667313860447
252645151
508641844310048767
1229782938247303445
6302637558517430135
93823560668501
6148961600869367807
1431655767
1537228675672440831
4222189076152591
1116628820770623487
14355442858917943
1440927576963888127
23925738098196821
6160737370413946367
4311679231
71777216425361407
56294136427315
3689433253799002111
5153960755
3689348816030400511
131071
140737488355327
14355442858918195
3710741789158618111
1095216660991
36028792740773887
4547612431
1085102594465988607
16557098995471
1085226768665673727
33490431
26740672543326207
56311316231991
1374723782282051583
217020587233710867
3978718336547503935
217020518514493191
2242545495958306623
16625818406751
364791565640531967
282580214961493
6148914691943923711
30081483007
71777214814748671
337769113269043
3689362885054791679
23925738098327671
1296779404109633023
281549422810453
6148914691818094591
14355442858918015
143890884281185279
298032075837199
1085156399921463295
1112649174799
1085102593383858175
361700872780317967
1107708895509307231
17039359
69818988363775
17956863
131391639519231
56294136362871
1230608594743066623
217020518514234163
3690487960530009919
30064836607
281471218614271
82463372083
3689348814822440959
1113255523123
3689348814948270079
14356542370546483
3692727390640747519
282570193699071
71881667899260927
16557116034831
1085191034537771007
93832150537591
1249185942704881663
33493503
33496071984381951
1122418120021
6148914691407085567
1095216665599
15762594417606655
252649311
362274856420507647
56294154253107
3689423907950166015
30317416207
1085102592855375871
282579642299187
3689348816021979135
1120986529791
281472283967487
14355442859180151
1296777204515943423
1229782938247565653
6158487186069485431
23925738098196607
143928268246963711
298032075968271
1085191584293552127
1431656287
366292772556111871
16625818406719
220676377564676095
81621090559
71777215217401855
4222257796677663
576188069258924031
4222257795629119
287966489200234495
56311316230975
230809476929945599
1431655807
96076794913882111
23925738098327647
432088275654497791
1172526137343
281472686620671
4222189092930831
1107621071760068607
93832150537567
384494814249746431
1095218036991
71872871806271487
56294153335603
3689362335299010559
4223288587780879
1098614422252752895
1229782938247304533
6149515171186833271
1095216662527
9007194976550911
375298538427733
6148952804776312831
93823561979221
6148917620404256767
361700864191436053
6293595071407152991
23925746688131167
432158643324933631
16713727
8726823789658111
56294136361855
86694289390960639
217020587234755347
3980961340268166975
1229782946837238067
3708564172078282615
361700872780318471
2242616001606672223
4222189077200959
287957693241430015
1229782955427172693
6158522369904703351
23926837609825621
6151730171150816767
859255671
1239355436516245503
16557098934079
218424577885208575
217020535694099215
1098666374441418559
281488720606003
3689348814956625919
217020587233706803
3692739760209477439
1095217119487
71811299155116031
16557099388687
1085121215549407231
2194728289279
18014394222903295
1431786847
384236802321416191
858994551
1230383421633593343
281548007866623
71777216291110911
281497883202901
6148914691415441407
1229782938247303987
3690549774642542455
14356542370550067
3708489989336544255
361700932909864213
6293603867365957471
217020535694100231
2242580679793524543
2194728289791
27021593477644287
361700932910908693
6295846871086620511
253697823
506381248403341311
14355442875695923
3692726840893322239
1431656311
1230983901011247103
56311316231031
1239615793460936703
4223288604557583
1116628271006420991
858993535
86469116281487359
298032092483343
1085226218909827071
90211025151
71777215754272767
23925738114975061
6151729621403391487
93823577707861
6148925866741465087
4222189076152447
143851301258596351
1229782946837238547
3978780149720512375
859255615
230549119985254399
4222257795629151
432081677276090367
16716799
15482223230713855
253693759
220402672065314815
81604444159
281471621267455
361700864190514951
2242545633936236383
1431787351
1519143908418781183
859256631
1374463425337360383
252649279
218159668344651775
281548850148147
3689348815896150015
1229782946837369107
3996724179485816695
14355442859180095
287970887984952319
253693791
364517860141170687
1229782938247434547
3708493804407846775
14355460039049271
1440892392054928383
93832150538071
1519401920347111423
217020518515282707
3978709540588699455
16717311
24489422485454847
93823560603487
366480416814006271
361700872780449031
2260560031371976543
14355442875699507
3708489439589118975
90194378751
281472158138367
1310719
61572651155455
1229782955427173653
6293630358725818231
33489919
17733473288585215
4222189077200991
432072881317285887
23925738098201941
6149478371345520127
14355442858922803
3690475590835450879
2194728292863
33776992918700031
93823578494293
6148952255020531711
1095216666111
24769793672347647
1229782938247566613
6293595174890600311
252645247
76296280082481151
14356542387323187
3710741239394415615
23925738114978133
6158485020844447231
1431786871
1248927930776551423
361700864190387541
6149488679424319327
281488114257679
1085102593392214015
91625968981
6148914691281256447
17170431
105003360452607
23926837626601813
6160736820649743871
1112396595199
281471747096575
4222189092930319
1098613872505327615
23925746688131191
1296849771780068863
4223288587781391
1107621621507493887
858994495
221577105102602239
524287
35184372088831
337769129915187
3689432704043155455
23926837609828693
6158485570591872511
23925746688262231
1585009779187602943
56294137606963
3689354088961802239
93823560603007
96264439171776511
1441791
96757023244287
1229782938247435027
3978709782050076535
1173385065267
3689348815887794175
375298537641301
6148926416497246207
281487878324479
71777215351586815
14355460038787135
288006071820170239
281496704192271
1085102593929084927
1095217905919
71837687434182655
375298554156373
6148961051113521151
337769114186547
3689424457705947135
1121239109391
1085102593920729087
1229782955427434773
6302602373608470391
361700932909860181
6151740479103786847
56294136362815
221802278212075519
282579035950863
1085102594457567231
217020518514492175
1098631190606200639
93823560603511
1231171545269141503
16557098930047
76561189623037951
361700864191432021
6151731683144982367
4222189076154127
1089607223006400511
282570193567999
71846483527172095
1173957727573
6148914691809738751
217020518514231055
1089659175723548479
361700864190383887
1089694498073567071
361700864190514447
1107638527838871391
282570194485503
71908056178327551
217020518515278643
3692730964250672959
16557115903759
1085155850165682175
14355460038787191
1296812388351161343
16625818410783
506654953902702591
16557098934111
362539765961064447
281496468259071
71777215888457727
217020535694361351
2251552694676176703
255790975
76283085942947839
5527875555087
1085102592844890111
15481359945891959
1296777203979064319
72395363167974195
3689362335298977663
14355734916694143
143890883710759935
361700872780320527
1085190897372454751
1163936202751
281470941790207
4786248561808725
6148914691809703935
522133311
218150837891891199
375298823640405
6148952220660760575
72355626130542351
1085155850165649279
14355460039573567
287953295262036991
1229785145860494131
3690549773564606327
76280882642486031
1098613872496938879
23925738383414613
6149477787229967871
14355442859180287
71798105871168511
1229787353473684821
6149515170647865207
93823582950741
6148914871625187327
23925746688131327
71870673135293951
1229783084276322611
3708493803266996087
1431789407
361718804184563711
18773302116351
281471612354559
361703071803574031
1089694496995630943
93832150540127
361976816112893951
858996607
72958317399375871
1407466509522261
6148914691281215487
16900696317791
362539765793292287
4225487611037455
1089607222993817599
236223266815
281471017287679
56294136364927
73183490508849151
14374134573371699
3708489439580206079
60709362743159
1230608594204098559
863449983
86431732886142975
221524186862125875
3692730964116453183
14355494398787647
287970887179645951
361700933179348245
6293595036913196895
93823560605567
73746441034924031
72340242399703859
3689348815887761279
33492991
4222674406473727
1095216683007
6192445209444351
23925746688786527
432070682394711551
19786914337791
15762594408693759
281539417932031
71777214546280447
221524186862129939
3978709540454479679
56294136363007
5629496098291711
844455247548175
1085102592855326719
298032076623631
1085103623363330047
4786247989146419
3689348815887759359
93866510276447
366480415471828991
4393751545855
9007194963967999
4786169821987071
71837687434147839
23925738098327807
71800305464858111
16557183274767
1085120528354639871
4223288587783951
1085103623370641407
361700864191452501
6148916933377875807
76280882642486543
1107621071751679871
1229782938247583061
6148917036861323127
3670015
21990232555519
22413311
94008244174847
366204532538283285
6293595071272933215
253714271
361703110374064127
23925738098851967
143840307316741631
16557149720335
1085120390915686399
1229783230305341781
6158487185499060087
300240547820339
3689348815887237119
236239913215
71777214613422079
4227686634293007
1089607222995914751
1095216674815
5629495256023039
900719083467571
3689362335298961407
16625818427231
361976815873425407
4841368758334259
3689423907950131199
1433884031
96002028123193343
1095220265215
71798105015582719
284787255489331
3689348814944043007
900719067738931
3689354088961753087
1164188782351
1085102592578551807
217024933740611343
1089659175184580415
5589184107861
6148914691270770687
19786914338303
24769793663434751
56311316231167
14636694816161791
1431795575
1229787632360226815
93823847191893
6148917036288704511
14355442875708211
3689349141172794367
133160698111
71777214412095487
4785157067453235
3689348814822406143
1433884535
1230909134220558335
1432311167
95988833983660031
15481359945891903
287970887448073215
860982029520655
1085121215549358079
217020570053838607
1089659174918242111
72395363168891699
3689423907950133119
93823560603647
6192446624366591
72340242972366165
6148914691809705855
4222189077201151
71784911127646207
1423931982941967
1085121215549366271
5527622975487
281471208128511
23944429795874133
6149478371336607231
14355442859704447
143838107723052031
1229782946870924051
3978709506098427767
95984431664530773
6151729621395002751
96031173793655
1231171544191205375
23925738182088021
6149477684150752767
14358741410579251
3692726840880739327
3380998255411
3689348814809858047
301929471
15481639115161599
14355494398525567
143890883475878911
844506551222527
71777215217352703
361700907140056847
1089694496731389791
361700907140187407
1107638526496694111
217020518515017487
1089606399165415231
23925884127084671
143928267106113023
14355460043243639
1296775004955816959
23925738114995541
6148914871636284927
4222189160040207
1089606535811633151
56586194137983
86694288820535295
5587752517631
281472147652607
361700932915103061
6151729483987509087
14355442863374463
143853500885840895
6592774801407
9007194966065151
8725857424048223
432072881183066111
257888127
76285284966203391
217020724672664371
3690487960328683327
1229782946837246771
3689423873661958007
1408470100672767
71811299155075071
1230908855334278421
6293595174353721207
217020518783718195
3690479130077249343
1229782938249532211
3690475007851853687
859010943
76898967073325055
1466015503701
6148914691239313407
34218004455263
362539765826322431
1465341815
1230913257389162495
845520147251455
71811299155066879
56345675969407
86694288585654271
281694036754687
71777215150260223
93823645865301
6148916933209489407
860982046035727
1085155850165633023
1229782955427190101
6148952220696541047
1229782938247443251
3689353505991522167
93823560611711
77124140755451903
361700932909880661
6148925729336680287
1095216668671
2251795535495167
93832150537727
24206844060106751
1230908855334277461
6158487185532606327
257892191
362263861304229887
93832150546295
1230045644288557055
16625818406911
4503595450892287
286523391
60988535603199
844507393504051
3689348814822391807
217038179419755315
3690487960395267903
1464583913471
281472116195327
18781892050943
281472149225471
93866510275967
96264437829599231
72432892593132885
6148952255020498815
845520148037887
71837687434133503
4222532674584671
432072881149513727
100603391
24488735290687487
4785164815106303
71777215754237951
14356542370558771
3689349690920219647
96031173793631
366480415736070143
1431658367
73558796777029631
14374134556594995
3690475590826537983
252657535
72918580361953279
217020518581602063
1089623853912506175
67045375
8725999155937279
1408497301673301
6148914691407044607
1229782955431629141
6158484986509358967
16900696313727
76561189455265791
20185087
56624848830463
72340190253747983
1085102593920696191
16763257360255
76561189421711359
1229782938251760981
6149477787791488887
23925781048000607
432088274312320511
23944429812650325
6158485020835534335
4225487627813647
1098613872492744703
255795007
218146474205118463
14355443144135475
3690475006719898623
217020724673708851
3692730964049346367
23926837693711701
6151729483956049407
217020518517379891
3690474766390476607
4227686651069711
1107621071749582847
18774161044275
3689348814813528063
362263822733870855
2242545632862478175
361718525095908693
6149488679289577311
4878898182575445
6148952255020496895
845537579306767
1085102593383809023
1229782938314675541
6149479849375790967
301929983
24488838369902591
16557098942335
73183489902510079
4222189126485775
1089606398372679679
23931235673113941
6151729621392905727
2194728310271
24206843710537727
373662220287
281471050842111
1229785145860625171
3978709780972140407
859273079
1229785287308083199
337769399399219
3689423873590394879
361701207788815701
6151731682977210207
14355460038787327
71833289706386431
844455011614975
71777214814699519
4222189081395327
143840306142318591
4222257795629311
71793707086450687
282570196713727
71833289387638783
1432311647
366204811625889791
1407404965036287
71777214814707711
16734207
5912074022551551
845538185655091
3689348814948220927
8725857424048191
287957693107210239
16557116690191
1085103073607548927
286995441341781
6148914691404955647
281840065642751
71777215720685567
33502207
14355773568057343
72340182270161715
3689348814948237183
51642367
60748017434623
1318555025407
281471545769983
16557098934271
2251795771424767
6592774804991
24769793661861887
373678866687
71777214646976511
252665727
73481530315374591
217020518514495247
1085120391724089151
4222532673536127
143851301090824191
282570194354431
71793706969038847
217020587503194899
3978709506094743359
23925781047869567
143928266904786431
217020535694102287
1085155575559307071
286654463
96172907692031
4841368741688115
3689354088961767423
1408496122662671
1085102593920688127
4222395234582655
143851301057269759
56294422819635
3689353504846249983
2194728301567
14636694502375423
858994687
5404322988818431
67048447
15481398596993023
5767167
24189255811071
23925884127215735
1296779402968782335
1407465094578431
71777215754231807
217020587233719091
3689362060488949567
17825791
17042430230527
217020535694885647
1098613597883285311
1230345896790790451
3708493803334088567
56294136379263
77124140182798335
4222395235631167
287957693040103423
93969589491575
1231171544128290815
1465341791
366222128934027263
56294187938611
3689353264328081407
218146435601204999
2242545495421427519
4786169822118143
71872871806236671
95984431664533845
6158485020836058495
298032126168847
1085155575287742463
14355734916956279
1296777203945518079
133144051711
281470815961087
337769116414771
3689349690915258367
361700872814003975
2242545357984587615
23925738100424831
143853501456274943
1319413953331
3689348814746943487
926365503
221541783291559935
4222257798774847
287953295060701183
16726015
5349124069130239
522133343
362266025967747071
4878898166060373
6148917620404221951
1230345896790790931
3978709780976318327
926365559
1230348099822551039
1501198445532501
6148917620404215807
252649471
1986886230867967
24488696641683551
432088274580739583
4223288671667471
1107620934312726527
1229783084276192051
3690549773501691767
337769163600691
3689362060421070847
60709362743103
221802277673107455
56311316234047
217298678047834111
375298621527381
6148925729302478847
1229782946839466291
3708489405287593847
72340191432758613
6148914691407052671
859780927
221524328544468991
298032159854351
1085190897098784767
361700864195630421
6149477684308041567
281539653865231
1085102592586907647
93969589491071
96264438030925823
16557098950527
73746439855931391
18783323641173
6148914691272343551
4223288638112527
1098613597619032063
281841480586581
6148914691247669247
72355626130673423
1085191034537738111
1423931999588111
1085191034537730047
1501198461261141
6148925866741424127
1229787353473946901
6293595174351632247
4785156225171711
71777215217367039
72340181663813391
1085102593383825279
50855935
34359738367999
86414136425255219
3708489439580730239
4222189079298175
143838107119063039
217024933740873479
2242545495419338559
1431664511
76936496497557503
361700864191039247
1089606537143344991
100599807
8726136594890751
361700864459871573
6149479848971558751
284786649141007
1085102593379631103
56345675970367
221802277406769151
286994262331151
1085102593918599167
23931235656340821
6149478371335034367
253706047
217024972344786943
361701207787771221
6149488679256547167
2194728292351
4503595340791807
859779967
86416339723354111
4222257800872031
432070682159812607
16763257364287
218424577683881983
375298542884181
6148915421380968447
14355442909254451
3690474766201730047
217020587236852531
3692726566069944127
16625818419007
217298677844148223
217020570054099727
1098631189800894271
33510911
23925922776219647
14358741393806131
3690475590822867967
86414136425251635
3692726840884933503
1095222362367
71800304038838271
361700864224069391
1089623854451482463
3328599719935
281471206031359
16719871
1971424348602367
218146435601203983
1098631190069321535
2097151
8796093022207
217038179420803859
3978709540453957439
859255807
14376337871470591
366204532538279253
6151731683010762591
23926837609846101
6148915421383710207
1407405200969487
1085102592855334911
4222189092933391
1085103073623216127
1229782955494544661
6293595036914775927
253693951
4229889951531007
863450999
1230346038238248959
3380139327487
281471608684543
23925746690359415
1296775004989380095
56311316248439
1230045644252774399
14356542420878131
3692726566007026687
4393751548927
15762594405023743
4785166230050133
6148914691281221631
85327871
96069828476927
217020518515290931
3689353264530145087
282570198941951
71870672782983167
361700864190517007
1085120529702018911
1408470101590271
71872871806230527
24488696641683575
1296779403035874815
281694879036211
3689348814755299327
72432892592346453
6148925866741432191
14356542655762739
3708489405220991999
217020535761471239
2242545357982482239
3328852299535
1085102592842792959
300241120482645
6148914691809181695
84410367
34497177321471
859258687
217038321103142911
56586194138999
1230608594172641279
34218004455231
218424577750466559
23926837895041365
6158484986476320255
56294156481331
3689349141159477247
361718525096957205
6293595071272410975
1431656447
6004802366472191
361703071803705095
2242545632858300255
1229782938280989491
3690479131020457847
362263822733870351
1107638526765113183
1095218692351
71784910876049407
361700872780973327
1107620934579085151
1229783230305080661
6149515170616407927
1431787007
23948832131776511
72958313154949939
3689362060421054335
76285280756106511
1107620934310629247
24488731001946207
432070682126259711
23454816468991
281472113573887
218146469961466639
1098613597614841663
362263857094133007
1107620934310633311
366222124992763157
6293595036912670559
93823918495061
6148914699826495487
5404318697206579
3689349690915239935
14355442863898879
71778314661868543
5348244459828019
3689348814755280895
23925918486823167
71870672799749631
76283081699296015
1098613597614837631
24184960865791
24206843707916287
926891839
217020591478145023
5348243617546495
71777215150241791
34355443416895
217298677776515071
361718799973832021
6148925729302601567
526344031
361700876991070207
221541779316609811
3978709506094217023
34492882378591
361976815839346687
5912069733155071
71870672782972927
1970389514129167
1085102592586883071
96002024119013717
6158484986475795839
1229785283299455795
3689423873590654839
1095224983807
71778313806282751
1229782938283094835
3689348833067104119
366204807420380501
6151729483953952607
21985937601535
14636694497656831
96168612755319
1230045644217253887
5911341014799701
6148914691247659007
72905331246838579
3689348814944026495
5349119777505535
71833289387620351
56294136381439
562946517499903
73558792566297941
6148925729302470527
252674047
298036370604031
1971420054618367
71793706969014271
7761005969407
281470935498751
76861434785781077
6148914691809179519
1970389278195967
71777214546255871
361700864224595727
1085102662638067551
4222670112489727
71793706985787391
93823560613887
562947090153471
8791798059007
4503595334500351
1229782938318886229
6148914700399114103
357957631
93836445483007
21109764325375
281471541051391
1095216693247
562945675231231
863974399
14356546662170623
217020518582128399
1085102662099091263
134156287
4222262089613311
4229885657550607
1085103623364349951
361700864464082261
6148914699994881887
1230913253447898389
6293595036912670583
72905330640490255
1085102593379614591
21110623253299
3689348814742224895
6004798077097301
6148915421380958207
369055231
23925750977527807
5911339599855871
71777215720675327
16557217353487
1085102661290688511
1230346034231841075
3708489405220468599
24488834082734199
1296775004922254847
86431728879735091
3708489405220467583
76936492488938837
6148952220660758399
221524324303176499
3692726566002833215
60743722483519
217298677777301503
362266021790680839
2242545357980376927
60984240666487
1230045644217122815
56620553876479
14636694514171903
96065533534047
361976815840264191
76898963064697651
3689423873590392703
259985407
4223292881764351
15481394306154559
287953294993593343
524238655
217020539938537471
545460912127
281470715297791
335492095
14355464330412031
218150833714824967
2242545357980376895
94003949229567
24206843724562431
86416335482061619
3692726566002832255
1467447159
1229782959435808767
14355443177698099
3689348831935149055
7761258549007
1085102592572260351
73481526104624911
1085190897098776447
217038316858716979
3689362060421316415
73470489386112341
6148914691404947327
56294458471219
3689348831921831935
16744447
282574488338431
1465868127
361700937120612351
1434408447
23926841899220991
217020518785823539
3689348832123895615
8726132306149471
432070682126256127
859013119
337773408026623
23925738450539861
6148914699837593087
118489087
16630113370111
8725994865098815
287953294993590271
361703106163314447
1085190897099824991
73470488207101711
1085102593918590847
72918576117518095
1085155575287725951
8388607
2199023255551
545477558527
71777214311432191
1431666687
375302832259071
23948827842401621
6148915421381088767
16557098958847
562945911160831
1986881936887567
1085103623363305471
14376333579858739
3689349690915501055
95988829778150741
6151729483953952127
322174975
56315611185151
1229787628351608149
6148952220660889463
4222189083492607
71778314057879551
14355769276432639
71833289404396543
217024968100351759
1085155575288774463
15481634827993207
1296775004922254335
930576247
1229782950845874175
23456248059221
6148914691236691967
4222189193596687
1085102661306355711
17038135267327
4503595350228991
1230348095847600915
3978709506094217079
76861434213118771
3689348815887234943
1230909130216378709
6158484986475796343
23925738100949247
71778315232302591
217020535896215311
1085102592842743615
872364031
5348247895801855
364515656907818767
1089606535801147231
131352984844159
77124139610144767
1229782956572497237
6148914691272308599
361789168719058261
6148916933209448287
93832150581247
281471039700991
57170309691391
5629495242653695
230531523557921587
3690474766189146943
1239353233486582579
3690475006710985591
14356543226196787
3689348814746891263
361700872948748047
1085102592844848991
859308031
21114059227135
33554431
549755813887
1442797567
5911343878111231
1519143629599610197
6149479848836814679
4223219869352191
71784910875987967
4238681767350031
1085103073607487487
26740530815631487
143840305974543871
1431830527
23459111370751
4223288839442191
1085102592578490367
298032328281871
1085102592571179007
337769972052787
3689348814741929983
217073501231854387
3689353264328032063
1229820467671675699
3689353504846215031
23925746699272447
71777214646932991
1061109631
72905334682812415
17733194119839871
143838106917733375
375299968947541
6148914691236528127
16625818468351
281470800232447
506381209866536719
1089623853373529887
104861626556287
73746439687503871
1229857997096047957
6148917036288669559
1600085887
73470492249423871
384219205929866581
6149477684140266847
69539815505791
73183489700397055
1248923528725861717
6149477787221054839
220398269775152911
1089606398360096575
282570210083071
71777214294622207
217020588042171187
3689348814809808703
14411517968724787
3689349141159425023
94553705043967
6192445198303231
361711902256467727
1085120528354598751
2004318079
76861437649092607
1374463283923456819
3690479129942505271
56311316283391
281471003918335
14355460052156671
71777214613369855
361700934257300821
6148914691270729567
23926839035909461
6148914691239269887
2194728353791
281470690131967
253755391
7765300871167
268378111
1970393556451327
14356319032508671
71798105015530495
1229782947409900339
3689348814813493111
24019196603356501
6148914871625143807
33496033337475199
143853500315406847
4222257811357951
71777214412034047
23926468242768127
71800304038794751
17587891085311
2251795519766527
217033764193636111
1085120390915637055
220402667888772879
1089606260919045951
4229885909208847
1085102592572198911
5404319552844595
3689348814741911551
362266021925424911
1085102592840638303
33496067697737855
143835907860926975
96065533575167
281470767071231
1476360191
4785169093361663
21985937653759
281470685413375
221577100861322035
3689348866281518911
1230983897007084885
6148914837265405815
86469112275088179
3689349106799686527
217033764261269263
1085102661290639167
1230346034802275123
3689348814746367863
220402667821666063
1085102798730628927
86416336287380275
3689348814742696831
364517855931076367
1085102936169582431
230549116012401459
3690474731828884287
1061126143
284790691463167
1374463421362418483
3689353229968553783
939474943
844510829477887
1239353233520145203
3689348831926236023
221524325108495155
3689348814742697791
134217727
137438953471
506381244226277135
1085120253477723935
5349119790874879
71777214294603775
5912069744296191
71777214294611967
361718801321252181
6148914691236650847
366222126070715733
6148914691270203231
23925918497964287
71777214311388671
95988831120348501
6148914691237172607
24488731012432127
71777214378481151
1467482111
18786186952703
4222670128218367
71777214311370751
94553705054207
562945664090111
24489418196713727
71782711852733951
15481394318737663
71777214344926207
8726819500916991
71782711852730367
131387344584575
72620539714338815
362263857261907727
1085102592576397151
73481526273052431
1085102592571170687
369098751
377957122047
1519143904477533525
6148916898849838935
34492882419711
281470766153727
939489279
4785160503427071
1248923528792986965
6148914699828680055
14356319037227263
71778313806230527
1986882188545807
1085102592571154431
6004799503160661
6148914691236517887
17733468997746943
71780512846251007
366292768350623061
6148914734186190687
60984240701439
281470968266751
17733469001941119
143835907860923391
1248927926772389205
6148914837265536375
76296275838832399
1085102798729580415
1230909131357246805
6148914691238745975
217038317667169075
3689348814742175551
8726819498819839
71780512829474815
1239355432543392563
3690474731828884343
17733194124034303
71778313856549887
218159664101003023
1085102798729584447
1374463283925562163
3689348831989151543
930611199
18777597018111
15482218939875583
71780512829477887
361789168991688021
6148914699826454367
104999065509887
1688845582467071
96076790909719893
6148914837265405311
8725994877681919
71777214344923135
260046847
1168231104511
33496067697213695
71795906009043455
26740668256682111
143835907860923903
34355443466239
281470732599295
24019196938900821
6148914699826451967
1230383417658651443
3689353229968291703
15481634836906239
71777214579807231
366204808762578261
6148914691237173087
1374463421364507443
3690474731828885303
24184960909311
281470687510527
1442807807
281844343898111
17038135328767
281470699569151
1476354047
1407469372833791
364515656941375247
1085102661295869791
96752728301567
1688845566738431
221577101127660339
3689353229968291647
384219206198318421
6148914699827107167
1602183167
1408500164984831
17587891109887
562945659502591
361711902290546447
1085102661290647391
76285280923881231
1085102592576393087
1434451967
1468878815231
96076790708393301
6148914734186190207
96752728307711
5066545287266303
524287999
3332894621695
14376334435496755
3689348814742172671
104861626564607
562945742733311
384236798115927381
6148914734186321247
15482218943545599
71795905992266751
14355769289801983
71777214311379967
4238681868013327
1085102661290627071
8726132316635391
71777214378477567
86431729450169139
3689348814746366847
1229785283872109363
3689348814742189943
61568356204543
1125895613186047
1239355432509846323
3689349106799948663
35180077137919
1125895612399615
56620553928703
281470701928447
218150833849569039
1085102592840638271
362274852243443471
1085120253476675423
104999065517951
72620539713552383
268402687
281543696187391
220398269842263823
1085102661293772607
23948829268464981
6148914691236648447
1519143904481711445
6149477649780004695
872382463
281698315010047
76283081900625679
1085102592574295935
2004842495
4786251425120255
76936493634245973
6148914691236525951
1971420070347007
71777214294597631
1230913254525850965
6148914691270203255
72958313963402035
3689348814741913471
86469112040207155
3689348866281517951
230549115743974195
3689348866281780031
76898963637351219
3689348814741927807
24488834091647231
71777214579807743
1229787629496915285
6148914691236657015
69539815522303
562945709047807
526385151
5531917877247
1230383417627194163
3689349106799687543
335544319
240518168575
536829951
1407409243291647
24489418198286591
71795905992267263
926941183
3384434229247
218146470162796303
1085102592574299967
69814693412863
1125895628914687
76296275872386831
1085102936168533887
57170309709823
562945661861887
362274852210413327
1085102936168537951
26740668254585087
71782711869507071
60743722532863
281470733385727
506381244226799375
1089606260919050015
131352984846335
562945944846335
1229857997167351125
6148914699826460535
96168612790271
281470968397823
96002025259881813
6148914691238745471
73558793913718101
6148914691236519807
4223219875643647
71778313806221311
1229820467707327283
3689348831921796983
366292768614864213
6148916898849707871
26740530817728767
71778313890104831
94003949273087
281470704156671
1600094207
286998304653311
506381209867063055
1085102661560114975
536821759
844459289870335
61568356218879
5066545287135231
1602191231
72340194296070143
1230983897069999445
6148916898849707895
2004844415
72340245835677695
23926468245389567
71778313806239231
217024968302464783
1085102592572211007
1519143629603820885
6148914699860137815
217073501502386995
3689348831921782591
218159664167587599
1085120253476675391
1230348096386577203
3689348814809282423
1248927926839481685
6149477649780004215
35180077146111
1688845565820927
864026623
1322849927167
33496033337999615
71778314091434495
364517855964628751
1089606260919045983
1065320319
72340185706135551
72918576319631119
1085102592571162495
69814693429119
72620539713421311
1465909247
5592047419391
361703106331741967
1085102592572219231
14411518270714675
3689348831921779711
2004320255
300243983794175
8791798120447
281470683840511
1065304063
845541621628927
221541779855586099
3689348814809282367
230531523826365235
3689348831922565951
131387344582655
5066545303781375
384236798384346453
6149477649780004191
131937100398591
562945659633663
508633044040486671
1085102661291675423
1230383418197619507
3689348814741911415
61568356253695
281470683054079
221577101666628403
3689348814741911359
220402668022992655
1085102592572198719
70364449243135
562945658716159
1610579967
281500746514431
26740668265070847
71777214311368191
1073709055
281492156579839
506390040319823631
1085102661290630943
1239390616915489587
3689348831921779575
17733469010329855
71777214311367679
1374463421901386547
3689348814742173495
104999065550847
281470698913791
69814693462015
281470698782719
1248998295583675733
6148914699826451831
536870911
34359738367
2013233151
281552286121983
8726819511402751
71777214294591487
939524095
85899345919
1239355433080271667
3689348814742172535
1519214273225905493
6148914699826452311
17734018757755135
71778313806218239
96752728342527
281470683185151
35180077187071
281470682267647
384236799458104661
6148914691236648287
1374498605736604467
3689348831921780535
2004877311
1176821039103
15482218952458495
71777214294594559
218159664302329615
1085102592571154239
384307167128540501
6148914699826451807
131387344617471
281470699700223
1065353215
1116691496959
364526652057653007
1085102661290626911
364517856098848527
1085102592572198751
35747867511423231
71778313822994943
230584300384498483
3689348831921779519
33496067706126591
71777214311371263
1230983898147935573
6148914691236517751
1602224127
1125281431551
362274852378185487
1085102592571154271
96076792050570581
6148914691236517247
1537158302991209813
6148914699826582871
2139062271
282583078273023
86469112845513523
3689348814741910399
1248927927913239893
6148914691236648311
366292769692800341
6148914691236517727
26741218012496127
71778313806218751
220411463981797135
1085102661290626879
33496617453551871
71778313806221823
230549116549280563
3689348814742172479
140183437606911
562945675362303
1476395007
94489280511
105548821331967
562945658847231
76296276040158991
1085102592571150207
1519143905555469653
6148914691236648791
1383470620619256627
3689348831922041655
506381244361019151
1085102592572202783
24489418207199487
71777214294595071
35748417275625727
71777214294589951
2147483647
8589934591
140733193453567
281470681874431
508641840267726607
1085102592571150111
1383505805528216371
3689348814741910327
1537228672809129301
6148914691236517207
