1
2147483647
21
1476395007
7
536870911
65541
1610579967
19
939524095
261
1602224127
65793
2139062271
65539
1073709055
273
2004877311
65553
2013233151
259
1065353215
196627
939474943
196867
1065304063
66307
1061126143
1114385
2004842495
65551
268402687
1114133
1476360191
69905
2004320255
16843013
1602191231
55
335544319
307
864026623
16843025
2004844415
4373
1467482111
66821
1600094207
31
134217727
65621
1442807807
1301
1465909247
341
1434451967
16843011
1065320319
327687
536829951
4371
930611199
87
369098751
196615
536821759
1114131
939489279
271
260046847
65587
872382463
327701
1476354047
327941
1602183167
787
926941183
1287
526385151
775
524287999
127
33554431
1807
253755391
1376341
1442797567
4915
859308031
17106181
1600085887
17895697
2004318079
1245235
872364031
458767
268378111
16974595
1061109631
5461
1431830527
983311
259985407
3342391
335492095
3342643
863974399
21847
357957631
84215061
1465868127
13111
322174975
50529031
524238655
3871
118489087
983071
134156287
69391
252674047
286331155
930576247
5570647
369055231
511
8388607
84215047
526344031
65791
16744447
50529043
926891839
78643
859013119
5570901
1434408447
286331157
1467447159
87381
1431666687
3604543
67048447
3604599
301929471
5119
3670015
17126741
1431658367
2031711
100599807
16986931
858996607
17913173
1431664511
17761551
257888127
286594325
1465341815
5701751
301929983
50792199
522133311
1258291
858994687
84215567
253714271
21887
22413311
3342463
33502207
286462259
863450999
984847
253693951
1376511
16734207
51581715
926365503
1398101
1431656447
22367
85327871
84346631
522133343
50530063
253706047
13183
20185087
8031
84410367
14143
51642367
22349141
1432311167
5631
5767167
5576021
1431787007
286332245
1431795575
84346127
257892191
462607
252649471
5570687
33510911
286593365
1433884535
17761039
255790975
2047
2097151
84219221
1431789407
20120371
859779967
50533171
859258687
459007
16719871
85263701
1432311647
17904435
859010943
17108751
252665727
22391
286654463
983167
33492991
85267733
1465341791
3347251
859255807
14199
286523391
5701727
100603391
22352213
1433884031
7999
50855935
286462739
926365559
2031679
67045375
20123955
863449983
50791183
255795007
1245439
16726015
16977679
252657535
3967
17825791
286331699
859273079
51577651
859780927
117901071
253697823
51589939
858994495
16255
17039359
30591
17956863
320017203
859256631
22527
1441791
286610773
1431656311
7798911
33493503
2031871
16713727
85284181
1431656287
20132659
858993535
4128895
33489919
14335
1310719
353703253
1431787351
50794255
252649279
22369621
1431655807
53678899
859255615
51316495
253693759
89462101
1431786847
84348687
252649311
288559923
859255671
24447
17170431
5701887
16717311
290788693
1431786871
6226047
33490431
3604735
16716799
17764111
252645247
84870927
253693791
286470963
858994551
8191
524287
32767
131071
322122547
858993463
118427407
252645151
8323327
16712191
357913941
1431655767
