1
2147483647
261
1602224127
65793
2139062271
273
2004877311
65539
1073709055
7
536870911
259
1065353215
21
1476395007
19
939524095
65541
1610579967
65553
2013233151
65551
268402687
65621
1442807807
16843025
2004844415
196867
1065304063
55
335544319
31
134217727
69905
2004320255
1287
526385151
1301
1465909247
66821
1600094207
1114385
2004842495
327941
1602183167
341
1434451967
327701
1476354047
16843011
1065320319
196627
939474943
775
524287999
65587
872382463
271
260046847
327687
536829951
4371
930611199
196615
536821759
307
864026623
16843013
1602191231
4373
1467482111
1114131
939489279
66307
1061126143
87
369098751
787
926941183
1114133
1476360191
5461
1431830527
1245235
872364031
16974595
1061109631
17106181
1600085887
4915
859308031
458767
268378111
127
33554431
17895697
2004318079
1807
253755391
1376341
1442797567
16843023
260013951
332053
1467441151
1115413
1465874431
200979
930562047
16843059
863993727
328455
524247039
327735
335503359
197895
526335999
4383
125304831
196695
369049599
16843093
1434419071
1114143
134182911
1335
325058559
1114899
926906367
855
356515839
983311
259985407
84215047
526344031
286331157
1467447159
3871
118489087
50529043
926891839
78643
859013119
13111
322174975
5570647
369055231
983071
134156287
50529031
524238655
3342643
863974399
84215061
1465868127
3342391
335492095
21847
357957631
286331155
930576247
511
8388607
65791
16744447
5570901
1434408447
87381
1431666687
69391
252674047
458871
301932543
4959
87556095
16975119
257900415
1381653
1465341951
1250067
926365695
16978227
863453055
17105679
255811455
17892693
1432319871
460551
522133503
17109333
1433886591
1911
287309823
1245279
100612095
1376319
67065855
5439
56098815
17892147
859797375
14143
51642367
17108751
252665727
8031
84410367
17904435
859010943
5570687
33510911
5701751
301929983
2031711
100599807
286332245
1431795575
5631
5767167
17126741
1431658367
1258291
858994687
20120371
859779967
14199
286523391
17761551
257888127
22391
286654463
5576021
1431787007
17761039
255790975
983167
33492991
1398101
1431656447
22352213
1433884031
17913173
1431664511
286462739
926365559
50792199
522133311
1376511
16734207
50530063
253706047
459007
16719871
84219221
1431789407
2031679
67045375
51577651
859780927
2047
2097151
85263701
1432311647
3347251
859255807
3604599
301929471
84215567
253714271
286462259
863450999
50791183
255795007
286594325
1465341815
286593365
1433884535
22349141
1432311167
1245439
16726015
22367
85327871
16986931
858996607
84346127
257892191
7999
50855935
50533171
859258687
462607
252649471
85267733
1465341791
16977679
252657535
13183
20185087
5119
3670015
3967
17825791
286331699
859273079
3604543
67048447
21887
22413311
984847
253693951
51581715
926365503
3342463
33502207
20123955
863449983
5701727
100603391
84346631
522133343
286331167
125269879
1117983
118454271
3343671
325006335
50529111
356466495
340791
322134015
218455
357908479
84215095
325017439
16843263
8355711
5571415
356472319
987423
125243391
84348687
252649311
286470963
858994551
20132659
858993535
290788693
1431786871
353703253
1431787351
85284181
1431656287
288559923
859255671
5701887
16717311
2031871
16713727
84870927
253693791
16255
17039359
7798911
33493503
50794255
252649279
89462101
1431786847
22527
1441791
320017203
859256631
14335
1310719
6226047
33490431
286610773
1431656311
22369621
1431655807
24447
17170431
30591
17956863
3604735
16716799
8191
524287
117901071
253697823
4128895
33489919
17764111
252645247
51589939
858994495
51316495
253693759
53678899
859255615
51580767
84883263
286602047
53696375
16995839
5586815
1269599
84228095
22348799
4150655
17764863
7802751
3618615
320017407
17118207
3366783
2039583
117901311
53675895
287257407
353703231
56055639
7800695
287248895
85266239
51337055
51319647
87494463
320017247
87504695
286479711
89470839
5723991
353703423
290788191
87512439
1392447
50550783
489335
286334975
89458551
287266143
117901175
287252255
50803575
288563007
4134207
56034303
6230879
87492095
84874559
56037215
20121087
6239103
17895423
1013631
84366711
290791263
288560447
56046455
118427407
252645151
32767
131071
8323327
16712191
357913941
1431655767
322122547
858993463
