1
9223372036854775807
4295032833
9223231297218936831
21
6341068275337658367
65793
9187202502347456511
19
4035225266123964415
261
6881500230622117887
4294967313
8646911282403868671
4294967299
4611686016279904255
4294967553
9187343237688328191
65539
4611545280939032575
4294967301
6917529025493598207
7
2305843009213693951
65541
6917388290152726527
259
4575657221408423935
65553
8646770547062996991
273
8610882487532388351
1114133
6340918741756280831
4295294981
6917353103633154047
21474836487
2305843006529339391
775
2251799813685247999
12884967427
4611545277717807103
12884901895
2305843005992468479
16843013
6881358943377948671
66307
4557502085410586623
16843011
4575515934164254719
1287
2260807012939988991
1114385
8610732953951010815
1103806595333
6881500228466245631
65587
3746854152483897343
55
1441151880758558719
87
1585267068834414591
4294967311
1152921502459363327
4294968067
4557642820751458303
1103806595331
4575657219252551679
341
6160924290242838527
4295163907
4611474910047371263
12884901907
4035225262902738943
327687
2305667087353249791
327941
6881324308761673727
327701
6340892353477214207
196627
4035014159891431423
1114131
4035075732542586879
4296081425
8646761748822491135
16843025
8610741200288219135
1103806595345
8610882485376516095
12884902147
4575657218187198463
1103806660865
9187202500191584255
196615
2305631902981160959
307
3710966092953288703
196867
4575446115175890943
31
576460752303423487
4294967381
6196953085114318847
73014509585
8646770544781295615
4294971665
8608630685571219455
4294967347
3746994887824769023
73014444053
6341068273055956991
271
1116892707587883007
69905
8608489950230347775
73014444305
8610882485250686975
73014444051
4035225263842263039
281479271743505
8646770544915480575
65551
1152780767118491647
787
3981182070595518463
4373
6302787678505009151
281479271743491
4611545278791516159
4294968581
6872493029219893247
21474836501
6341068272653303807
66821
6872352293879021567
21474836741
6881500227937763327
1301
6296032279063953407
4371
3996944669291315199
281479271743493
6917388288005210111
65621
6196812349773447167
4311810305
9187201950444158975
21474902021
6917388287468371967
281479271743745
9187202500199940095
21474840853
6302787675820654591
73014444819
3981182068313817087
16843023
1116751420343713791
328455
2251623891824803839
1103806595379
3710966090797416447
12884901975
1585267065613189119
1103806791939
4575446113020018687
281479271744259
4557502083263070207
21474837255
2251799811000893439
21474836535
1441151878074204159
73014771733
6340892351195512831
332053
6302611756644564991
1103806923013
6881324306605801471
281479271747857
8608489948082831359
196695
1585055962601881599
1103807709457
8610732951795138559
1114143
576311218722045951
12886016019
4035075729321361407
12885229575
2305667084132024319
4383
538180155470774271
73014640659
4035014157609730047
200979
3996733563058782207
281479271743503
1152780764970975231
1103806595413
6160924288086966271
16843093
6160783002998669311
281479271744773
6872352291731505151
21491679493
6881358940693594111
1115413
6295882745482575871
855
1531223873305968639
1114899
3981032537014140927
73031287057
8610741198006517759
73014445333
6296032276782252031
281479271743539
3746854150336380927
16843059
3710824805709119487
73014444063
576460750021722111
12884906259
3996944666070089727
1335
1396115884484853759
21475033095
2305631900296806399
12901744899
4575515930943029247
21475950613
6340918739071926271
197895
2260595906707455999
281479271743573
6196812347625930751
1103806595343
1116892705432010751
327735
1440975958898114559
12884903175
2260807009718763519
281496451874821
6917353103096250367
281547992268817
8646761748688240639
458767
1152675214002225151
1112396530435
4557642819669327871
1807
1089871109823660031
17895697
8608480604381511679
17106181
6872316559751118847
81604378675
3746994886616809471
281487861809155
4611474908973596671
16974595
4557431166910595071
5461
6149665291174412287
1172526076177
8608630685428613119
4915
3690699894630121471
282578800148737
9187201950435737599
127
144115188075855871
90194313301
6196953084443230207
30064771087
1152921500848750591
1120986465541
6872493028674633727
1376341
6196768369308336127
1245235
3746774987646697471
1172526073173
6151917088698007551
1911
1233986297899515903
81605623827
4035005360442966015
282578784424209
8608481151981420543
281487862726707
3746845353169616895
1245279
432125661902012415
281547991351347
3746783781457985535
458871
1296790402078081023
1112396534067
3708714289909989375
30065229831
2305596714850975743
4959
376050568885436415
281487878456067
4557501532433514495
281547991482453
6196777163119624191
17109333
6158496018812895231
460551
2242546323825885183
81604378719
432345560872124415
30064771191
1297036688924606463
81604383507
3978930267426390015
282578783503107
4557431714510503935
90194313279
288230373333139455
1250067
3978710368456278015
30064772871
2242792610672410623
1121003569413
6881323756313116671
17105679
1098701837462142975
1381653
6293595761296801791
281496452661333
6196803550996037631
90194318613
6293780476431695871
90195689493
6340883554565619711
5439
240942580064321535
281487861940239
1152745579525144575
281496468391173
6872351741438820351
1120986465039
1098878306385657855
281496451743759
1152710395689926655
17892147
3692801611106615295
282578783634693
6872317107351027711
16975119
1107673852344795135
1120986468693
6158672487736410111
281548008001809
8608489398192799743
17892693
6151767007650906111
1112396530959
1107885505103527935
1376319
288045658198245375
16978227
3708502637151256575
1172526072627
3692951692153716735
1172543963409
8610732401905106943
1112413503747
4575445562190462975
4294971151
1085367508048805887
4295950351
1152657619668697087
983311
1116628824797216767
72340172838076677
6881358941222043519
511
36028797018963967
72340172838076689
8610741198132313983
4379182341
6872316420164681727
4581298449
8608480567874289663
219043397683
3746854149061345279
4294989141
6149102339073507327
78643
3689433257234923519
844437815230471
2305631899759886335
3871
508906757892866047
3311419851523
4557502082176778239
4294980403
3689573992575795199
4785147619639315
4035075730260850687
84215061
6295855670008741887
3342391
1440927580386492415
365072220247
1585267065982287871
50529043
3980970139729264639
5519033042181
6872352291184181247
84215047
2260630403884777471
286331157
6302637560808079359
18764712120595
3996944667000700927
4298309683
3746770587452702719
219043332403
3710966089530736639
983071
576196869512757247
64424574991
1152780763091959807
3311419785991
2251799810451439615
1407396358717461
6340892350792818687
72340172838076675
4575515932008349567
65791
71916856549572607
5570901
6160737373266116607
286331155
3996794551594385407
844437815230723
4575446111954616319
1407396358717701
6881324306077278207
1407396358717447
2305667084668854271
18764712186129
8608489947939733503
4300537941
6196766168137596927
5519032976647
2260807010245148671
87381
6148961603732635647
3342643
3710741792581222399
4294967551
72057591890444287
4785147619639569
8610732951669274623
18764712120597
6302787676214394879
64424509711
1116892703561351167
21847
1537416322793603071
64424509471
576460748276891647
4345496323
4557430889885204479
365072220501
6160924287390711807
5570647
1585080151857692671
219043332151
1441151877336006655
4785147619639317
6340918739474544639
13111
1383730985509584895
5519032976661
6296032276369113087
844437815230483
4035014156670156799
50529031
2251587882818994175
365072285781
6196812346921320447
3311419786003
3981182067361710079
69391
1085226772707934207
365089063253
6160783000146542591
4785147619640597
6295882743200839679
219060175155
3710824802286567423
5519032976695
1396115881790013439
281479271747343
1085226770560417791
12969116935
2260630400663551999
219043659831
1440975955475562495
5519033173255
2260595904012615679
1407396358721813
6302611753960169471
365072416855
1585055959749754879
281479271756595
3689433255087407103
5571415
1531036956329246719
5519034090773
6295882742787735551
73098659093
6295855667727040511
281479271765333
6148961601585119231
219043333431
1396115881062301695
73014447903
508906755611164671
340791
1383555063649140735
844437815234835
3996733559837507583
72340172838076687
1116751418187808639
281479271743743
71916854402056191
18764712120607
538180153180159999
3311420113671
2251623888590995455
73015427103
576196867231055871
12890472535
1585080148636467199
84215095
1395939275429642239
1103807578383
1116628822641344511
72340172838076757
6160783000842764159
4785147619639327
576311216440309759
1117983
508757224311488511
18764712448277
6302611754353950719
21761167637
6302637558123724799
18764712317203
3996733560768167935
1103809937715
3710741790425350143
50529111
1531011942439714815
16843263
35887509774794751
218455
1537205216561070079
3311419786071
1531223870072160255
844437815231751
2260595903486181375
64425623583
576311214695514111
21474849591
1383730982825230335
844437815230551
1585055959380606975
1407396358717495
1440975956213719039
13171233043
3996794548373159935
987423
537916272680108031
73064973075
3980970137447563263
365072221015
1531223870453841919
286331167
538030037773844479
64424513823
538180151444242431
1103806595583
36028794863091711
3343671
1395891584112787455
1103812165973
6160737371110244351
21478178871
1440927577702137855
64441352463
1116751416317181951
21525365511
2251587880134639615
4785147619640083
3981032534732404735
3311420900115
3981032533780332543
72340172838076723
3710824803553214335
12884923735
1537416319572377599
1407396358718215
2251623889140408319
1112396533519
1085367506966675455
4785164799508565
6196803550861817855
5701751
1296779406961803263
281496452530191
1152657619131793407
219043332223
144115184653303807
72340181428011779
4557501532425125759
22367
366480419677274111
284786413339395
4557501532420931583
281539401416719
1152710394347749375
3347251
3690475594258055167
21887
96264442035044351
4785164799770645
6340883554565584895
72340172839129361
8608480602225606527
85263701
6151731685839863807
365072220287
144115185223729151
84346631
2242545636631117823
64424968207
1152675209975693311
236223201399
1297036688723279871
1112447058691
4557430888803074047
64424511247
1089871105797128191
1258291
3689354092397723647
219043337011
3690699891207569407
3967
76561193665298431
8031
362539770003324927
4785147619901525
6196768367026599935
2047
9007199254740991
3604543
287970891407556607
3311419787023
1089871106589851647
133143986239
288230371990962175
50791183
1098631193840058367
1163936137999
1098878305043480575
281539401547791
1152745578719838207
286332245
6149515173477482495
17761551
1107621075786661887
17108751
1085191038580031487
4786247131271441
8608481151847200767
20120371
3692726844315926527
983167
143851305285189631
1407396359766101
6196768366623940607
72340190018208005
6881323756313083775
1245439
71837691712372735
81604378879
72057590682484735
282578867520773
6872316420156260351
4785147619770419
3746774985364961279
72340172838208259
4557431164754689919
5587752453461
6151917088159039487
84215567
1089694500768448511
1376511
71872876084461567
3342463
143890887703789567
2031711
432072885343879167
14143
221802281647996927
286331699
3690549776933191679
4785147636420881
8608480602099775487
18764712121139
3690699892339507199
281547996725333
6196766168003346431
90194313471
72057591219355647
72340181428142339
4575445562190430079
1172812402961
8608480567731683327
300239689945361
8608481151846678527
281547994497075
3746770587318452223
22352213
6158485023696617471
3604599
1296777207938547711
5527622911751
2242792610661924863
281487864954931
3746770586378928127
50533171
3690487963763867647
1407465078194261
6196777162582745087
16977679
1085155854207942655
1172526084915
3689573992433188863
50530063
1089659178957406207
284786396693251
4557431713432567807
3311436759811
4557431163676786687
5631
24769797950537727
281496535762181
6872316419627778047
1318554964275
3708714289708662783
281840050045013
6196803550828265471
365073596501
6196768366456209407
1172526093653
6149102338930900991
844437832008451
4557431163689320447
286462259
3708493806698495999
844506534707251
3746783780384227327
7999
218424581927469055
286462739
3978709784340725759
281487862595599
1152657618594922495
3380139262771
3692951691075780607
84219221
6149488682119200767
51577651
3692730967484530687
1318554960691
3692951691012866047
30064771327
72057590279831551
281548277485841
8608480567740039167
5119
15762598695796735
18764730011921
8608480602090897407
1112396542771
3689573991493664767
18773302055699
3978930267417477119
3380139266835
3978930267413807103
22349141
6151729624255561727
1407396375495941
6872316557066723327
845537343635715
4575445562190413823
282579069636881
8608480567865868287
5587752457493
6293780476421210111
81607721011
3746770586244743167
5570687
143928271099133951
20123955
3708489443011723263
4785156209704979
4035005360442931199
16986931
3689362338734931967
5576021
6149478374197690367
72340172838339845
6872316557595213695
17761039
1098613876531920895
5527622911247
1107885504564559871
13183
86694292826882047
281496457117781
6196766167600693247
30065754127
1152657618058084351
286994026530053
6872351741428334591
844454995361799
2305596714850926591
18764712121685
6149665288883798015
18781891990805
6293780476422782975
5519050081541
6872316557056278527
844437815492623
1152675210780950527
50792199
2242545499192164351
286994010014981
6872317106812059647
90199883861
6196766167466508287
17913173
6148952257883799551
2031679
287957697268023295
1408495887122693
6881323756313075711
3328599656199
2242792610659827711
1407404948652047
1152745578988265471
1407396358848527
1152675211317829631
286593365
6158487188360134655
1464583849301
6151917088127582207
300239705674001
8608489398183886847
90194335061
6149102338402418687
1407404948783111
2305596714850934783
4786247148044561
8610732401905072127
17126741
6148925869604732927
459007
71811303433306111
18773302055219
3708714289775247359
281840049258581
6196777162549198847
84346127
1107638530533752831
51581715
3978709543822557183
5519032977167
1089871107128819711
22391
1231171548132409343
5701727
432088278506668031
1408495870346501
6872317106814148607
1120986468111
1085367507503546367
72340241558602001
8610732401905074047
236223201343
288230372192288767
17904435
3689423911386087423
85267733
6293595074102034431
14199
1230608598178988031
844506535755795
4035005360442916863
1398101
6148917623267524607
1464583852373
6158672487568637951
365072225621
6149665288322285567
373662154871
1297036688756834303
845537326859011
4557431713436745727
64424509567
144115184049324031
30064774927
1085367506438193151
281487912141571
4557430888811429887
1163936138511
1107885504298221567
373662154847
432345560301699071
1407465079242773
6340883554565578751
72340241557557521
8608489398184411007
984847
1089607227032993791
282578833834755
4557430889876783103
18781891989845
6158672487601668095
219044577331
3746774984224145407
81604391731
3689573991367835647
1121070679301
6872316419619422207
1120986486101
6149102338528247807
844437816279091
3746774984425422847
5519032980821
6149665288479571967
844454995099663
1152710394616168447
4785156209573939
3746845353035397119
72340190017946885
6872351741430431615
281694021156915
3746845352968290303
133143986271
432345560066818047
462607
1085121219591667711
3328599655183
1098878305307721727
281694020239411
3746783780317134847
286594325
6293595177181249535
3311419790131
3690699891396313087
3362959394575
1089871105784545279
844489355100175
1152675209975644159
5701887
71800308317028351
72344588064720133
6872316557056245631
5527622913807
1085367506427707391
1407404949307407
1152657618058043391
51589939
3689353267764002815
51316495
1089606402399272959
281840054501461
6196766167432921087
16255
73183493944770559
1412893933634821
6872316557056237567
19056769897813
6149665288313372671
288559923
3690475010142502911
1970354902204431
1152675210244071423
1318554972979
3689573991292338175
84870927
1089606539838226431
6226047
143840310168911871
2031871
71784915154239487
73466089925051653
6872316557058334591
72340181461697283
4557430888803041151
281539402203151
1152657617789616127
511101108351
144115184082878463
76843841185976593
8608480602091386751
23179938501973
6149665288344829951
14335
5629499534213119
7798911
143853504308445183
270582939775
144115183847997439
7726646167311
1089871106050883583
373662155007
72057590112059391
50794255
1085120394957946879
290788693
6149477790082138111
353703253
6149479851666440191
4786247416484113
8608480567731648511
8191
2251799813685247
286470963
3689353508282171391
1407465083437141
6196766167466467327
117901071
1089623857146363903
320017203
3690479133311107071
5348106163126323
3746774984291203071
236223201535
72057590078504959
53678899
3690474769624334335
844506537852979
3746770586244694015
84348687
1085120532396900351
284786447024899
4557430888798846975
281694023385139
3746770586177601535
22527
6192449487634431
845537377190659
4557430888803024895
286610773
6148917039151972351
24447
73746443898191871
5587752473941
6149102338391932927
408021893247
144115183881551871
89462101
6149477687002923007
3517578220339
3690699891194986495
72903131381564163
4557431163680931711
85284181
6148916936072757247
72340241827041553
8608480567731650431
4785293648658483
3746774984224110591
300239975158033
8608480567731126271
286994093901061
6872316419617292287
3604735
71798109293772799
4785164803965013
6196766167466473471
20972325311283
3690699891261571071
72357833744650513
8608480602090864511
22369621
6148914874488455167
844643974709299
3746774984224096255
17764111
1085103077649809407
4803839334093073
8608480602090862591
4785439677677653
6196768366456174591
1407439308521487
1152675209975652351
20132659
3689349144595398655
847736366891779
4557431163676737535
3328599658255
1085367506425610239
3380139275059
3689573991355252735
72340190085317893
6872316419619389311
18773302063923
3689573991358922751
133143986431
72057589877178367
5862630364501
6149665288311799807
72342380451398403
4557431163676753791
18910741009203
3690699891198656511
1163936141071
1085367506161369087
4128895
143838111145656319
844454995886095
1152657618058035199
5911064706613333
6196768366489720831
1408495954232581
6872316419619381247
30591
77124143618719743
18781892007253
6149102338393505791
4785156211802163
3746770586244708351
1464583869781
6149102338360475647
5561982650127
1089871105786642431
1407739957149781
6196768366456168447
1412893917910293
6293595758601920511
18781891998527
230809478075252735
1407439309439039
288045654171672575
844506585043731
3978718336560087039
1163936141823
33776993170358271
72342380451529487
1098701834228301695
281547992137983
71793708965527551
1172526075903
4503597337280511
1970354902206215
2242546320067731455
1121277251925
6158484986644135935
1407404953895031
1296849771947843583
17118207
14460227172696063
51580767
364570842857734143
4134207
240665503134121983
1163953897743
1116628271006482431
1318554961407
27021594333282303
18773302072671
384494814822399999
72357833743864149
6158496016522248063
4785156214030431
432158643895367679
7800695
1233724614132105215
511101567095
1296790398085103615
90548016405
6293595036923723775
72340190287434069
6158522370039447423
4785164801736767
288006072961038335
50803575
1239368682195386367
4786247133496115
3692727391781615615
3517596107571
3692801607671480319
286602047
230624178833719295
76843841185973043
3692801608816490367
72340241591239475
3692739761287430015
5561982653759
240942576027303935
81610604639
432070682965180415
1120986477567
14636696096210943
84366711
1248938968842502143
1407465162085653
6293603867376443391
5348106163126367
432125658546518015
1407465078849599
287966490542432255
1464583848959
18014395648966655
281487945830159
1085190897919819775
53675895
1233761172893728767
236223215415
1374723782295420927
72903131381564687
1107673849115131775
281548041696051
3689362061575290879
5348106163131155
3978710365100783615
30064801655
1230045644467470335
236226805815
1440892392054980607
300239689176405
6148926417069899775
4785293648789567
288045654775658495
844455045433095
2242580679806107647
286994009886479
1085156401268883455
4803839317579029
6293595759006152703
270584315967
288045653970386943
1172579746611
3692726567147929599
1407739972882773
6158496015960727551
5723991
1519144638563221503
1392447
217113964067160063
281694020370687
71881668754898943
72342380452315955
3692801607872774015
281539418066703
1085226218925555711
847736351167251
3978710365222420479
117901175
1233739045222219775
76843841185973589
6151767005360781183
133143994143
506654953918431231
51319647
375785861461049343
3380139265887
364791566448984063
408021898079
376050564691132415
1407739956232311
1296790399225913343
81604403039
361976816694460415
844643973922935
1296790398655479807
133146017823
576188069258985471
844454998245495
1296812388552491007
1269599
361756917724348415
270582945087
240942575836463103
20972325311327
376050565516886015
300239689036595
3689362886200098815
4785156494791443
3978780149729425407
84874559
240678010078887935
281496502079247
1085155576645648383
290788191
375863067793162239
3328650445575
2251552694676226047
281496454889727
71833290981474303
73466089925051151
1098701834769358719
3380190839571
3980961340268216319
5862648251733
6151767004788293631
5911064706618645
6293595758478186495
3362976498447
1098701833423028223
4786247135724885
6151730171721250815
30182672135
2242545357995114495
5862630360951
1233986295036903423
5527707256071
2260560031372017663
23179938501951
240942577234739199
1407405032539911
2242616001617158143
1172615529813
6151729484526518271
5561999623439
1107673848307777535
4785293665305395
3692801607684028415
5587837715733
6295846871086661631
7726646626055
2242546320053108735
4785439677546591
432125659049850879
72344588064589071
1107673849649921919
844489355886687
432125657875431423
353703231
240757140556349439
281496737895765
6148952220839673855
1464606196053
6160736820649787391
281840065795413
6148961051124662271
4785439694194005
6151767004798744575
320017247
375829807566422015
85266239
220490976592920575
17764863
33512564658798591
281539402334463
71908056429985791
281488147952435
3689423873805090815
19056787001685
6158496015951855615
281840049127679
71846484953235455
90198442047
287953296402939903
19056769897311
376050566024396799
844506535493727
432081678081409023
845537330008371
3708489989537873919
489335
1229799357620944895
20972326556435
3978710365087727615
3362959397727
376050564846321663
72340241624925525
6151740479642763135
17895423
4353516290179071
288560447
240717695576702975
1412893916989191
2242546321131003903
282578788898133
6148915422088364031
845537327645967
1107621622312812543
1970354902204535
1296790398319927295
18782178578709
6302602373608505343
72340181495383311
1107708896048283519
1408495875592533
6158485570759647231
847736350377735
2242546320592027647
1112396551679
24206844767502335
282578784292623
1085103625249718271
18773588513043
3996724179485851647
4785165084726549
6293630358734731263
373662177111
1519401920358252543
3517578217335
1233986294464380927
281487867183359
71870673839947775
408023138399
432125657707708415
23179939878165
6293595758467219455
844489371616527
1107673848318214143
2039583
506382279195492351
284786396827407
1085191585102004223
72340181697499443
3708564172213026687
90194329407
217298679202054143
1121037779727
1098613598961270783
5527622931831
1249185942873309183
30072569975
1296775005157195775
281548075390293
6148925729884045311
22348799
17826931776946175
5587752455999
220676378912096255
72340190051631887
1098666375519371135
4803839317447443
3978710366165628927
16995839
23995192008769535
1112685089075
3708489405422370815
286479711
384274331745648639
373667856471
1585009779187646463
72344588065506645
6151767004956032895
1408495871001359
1098614423594950655
286994010821973
6148952804944740351
20121087
26796747636342783
6230879
375775690978492415
844643990442291
3708502633728655359
72903131381567795
3708502633921593215
3618615
1374464301510688767
284786397623091
3689424457908060159
89458551
1233798693728026623
1407439325168399
1098701833435570175
3328599667575
1239615793663049727
511101110135
1233986293906538495
7726646167415
1233986294126739455
81924395795
3978709506107375615
281694036898611
3689432704056524799
73466089925054805
6158496016120110975
18910757982515
3708502633719791615
1318575079731
3710741239394467839
72357833743733043
3708502634860609407
5911064706613311
288045655379630079
282578786661171
3689349692195307519
1112481400079
1107620935118094335
18910741009727
240942576632856575
219127547191
1395939272007090175
72340172838076927
35887507618889599
18764713103647
537916270389493759
3311425356631
1531036953095438335
844437815252311
1537205213339795455
64710840607
538030033747312639
4785147619643167
508757222029752319
1407396358730551
1383555060964745215
365122749271
1531011939587588095
5519036319031
1395891581417947135
72905330438374147
4557430888798830463
23454816425301
6149102338357854207
8323327
71778318084472831
73470488038671621
6872316419617283967
21109764272947
3689573991287619583
5911339588714581
6196766167432910847
5348243604176947
3746770586177583103
118427407
1085102665332948991
76861433640456465
8608480567731124095
357913941
6148914702689763327
545460846847
72057589776515071
7761005907727
1085367506155077631
32767
562949953421311
1970389262467087
1152657617789591551
322122547
3689348835357753343
1412894203122965
6293595174486368255
18764712124415
2251797523070975
365076349055
143838108293529599
18824841666335
506654953909518335
4785439678333023
432072882491717631
5562033178383
1089659174920388607
5733781354295
1374723782284935167
53696375
1230946423126622207
72340172841366323
3689349142439493503
18764801578325
6149477684712308735
287257407
230536217903497215
5862916691285
6149515170614870015
56046455
1239357687079108607
849952603571975
2242580679795621887
117901311
8759946577444863
288563007
218199697439850495
1407739959378039
1296777205086380031
5561982662463
221802277610979327
1407396409184015
1085120392273551359
5519032989695
5629496839372799
849952553242383
1085156400195125247
72340533620834645
6160736820649754495
4785207749181695
71908056295766015
56034303
17756288154861567
5519084291855
1089606399704432639
844438101504819
3689353505060896767
290791263
362352268911050751
72340172838997775
1085103075493904255
1407611107737663
287966489401581567
64542410511
1089623853119832063
3311504656143
1089606536604418047
1407611110359095
1440892392054939647
1426157062131989
6302602373608464383
286334975
2101682116755455
365425923413
6149479848814313471
84883263
221537711662563327
847736434263815
2242545633397260287
4785207751409727
288006071618861055
87504695
1374463614315921407
4785147703809365
6148916933791021055
5348106163126527
71837688356878335
219363349299
3690479129888555007
844489438987535
1107638526507171839
84228095
5452890479001599
849952637388039
2260560031371968511
72903131381576499
3689362335505268607
87512439
1248925774702968831
51337055
366215712252887039
844437899382543
1085120529175625727
1970354902204671
71811299675152383
1407396645000533
6148917036467576831
4785147670115123
3689353265482266623
72342380454544179
3692726841082085247
7802751
76299509897887743
3362959415135
366480415638159359
5911064706635093
6148917620448909311
4785293649444927
287957693845436415
287248895
33503734206038015
72340387589718323
3710741239394434943
3672197039103
18014394571030527
1407740242366805
6158487185507966975
73466089925072213
6148925866911948671
72357833746878771
3708489440721076095
87494463
220416209802231807
18824841680223
384494814017093631
4790662362105173
6151730171182282751
1410703483539215
1085191584565125119
89470839
1230420994007498751
4788454746686259
3692727390703679487
72903131381567247
1085155850978279295
408021906303
86694288632578047
72357833749107029
6158485021405970303
72340533615351125
6148961051116273535
72340172843603285
6148914872332550015
844437820735743
71800305095753727
287266143
384221555187515391
1407439311667263
287970887380983807
20972325311487
15762595327246335
18764765795123
3690474767333720063
3517864547123
3690549773498056703
844798592483583
71846483879477247
4788454794920723
3980961340268181503
4785293698990899
3692730964061943807
5911064706613503
71872873265846271
64432308351
143853500281913343
3672197051255
1239615793495277567
5348106163139379
3689354089042229247
1970354902208271
1085121215833513983
5733781362039
1249185942671982591
72342380452184847
1098613873298079615
4788454744470323
3689424457773840383
72340387855929651
3708564172011700095
1426156781113685
6158485570624905215
863198232392499
3689362885126340607
5733781341695
27021593794314239
1410703533998855
2251552694676185087
844798593269855
432081677510983679
4785207753637983
432158643090061311
4803839367779091
3978709541531908095
23179944072533
6149478371368108031
5862630373239
1230608595316375551
4790662441796885
6295846871086626815
4788455029674771
3978780149716842495
72340387620127539
3692739760146579327
1407611112325239
1296849771746516991
270582961535
96264437807185919
1407439358853903
1098631189813485567
287252255
506381695079940095
353703423
24584358442565631
219043356543
73746440475639807
72344588065375503
1107621073091788671
72340387586454323
3689432704048136063
844798595629175
1296812388384718847
18910791537459
3690487960332402687
1410703567423239
2242616001604575231
844644259926323
3708493803275894783
72340232967622415
1085226218917166975
3517578237815
1231171544697274367
72344588069963093
6151729621560688511
4785207750098975
576188069258950655
76843841185985331
3689423909095962495
20972328653619
3690475590889504767
844643979165815
1296779403539202047
849952554026255
1107621621773844479
365072236415
73183491092643839
3311419807743
6192446253826047
1013631
76860260828053503
72340232968536335
1116628271006449535
320017407
15541837376782335
4803839401465109
6293595071811385343
3672197060439
1519401920345669631
19056854111573
6149488679258161151
1410703484191503
1098614422517014527
3672197042015
364791565878558719
1412893967320839
2242545496497283071
1426156775888213
6148926416533020671
847736636379923
3978709781106868223
4785147620557055
71784912872503295
4785439761565013
6151731682987702271
5586815
72996576968048639
18824841671487
230809476733075455
863198235529523
3708489989403131903
56037215
364533459462389759
5519323764053
6149477787387297791
4790662642865429
6293630358724245503
7726646167551
9007195481964543
270588510335
143928266871275519
72340533884817749
6158522369871675263
72340233034990863
1107708895242977151
3363043608335
1089694496729333759
5733781344063
220676377771245567
1426156859757845
6293603867367530495
1407396361994495
71798106609377279
1407611107082495
71881668218019839
6239103
86419414919938047
64424540031
77124139592187903
73466089925054223
1085191035887247231
18910741012287
218424578496004095
76843841185994069
6148952255593674623
72340533682701653
6151740479072337791
72340233001304847
1098666374177193855
4790662357669205
6148952804810520575
3311708345139
3690475006908694527
7726647150351
1089607223260217343
219049558143
143840306746359807
19056769900383
362539767142285311
87492095
26761425825300479
844798597988439
1585009779187597311
511102091391
143851301292212223
50550783
5980518621380607
863198518645011
3996724179485802495
863198282715923
3978718336551174143
3366783
73522143526125567
844489360343135
432088274480087039
408025235583
143890883509485567
4150655
95987365104844799
56055639
1519143813929500671
23179938502143
24769795120955391
18824841662975
33776993035616255
511101112191
76561189672321023
217020518514230023
2251587879585136447
1431655767
1537228675672440831
93823560668501
6148961600869367807
4295032831
281472829227007
131071
140737488355327
4222189076152591
1116628820770623487
1095216660991
36028792740773887
1095216726271
71916852271382527
4222189076152351
576196865486163967
16712191
35748421553881087
23925738098196821
6160737370413946367
5726623061
6148914691952345087
56294136361783
1383730982073663487
4547612431
1085102594465988607
252645151
508641844310048767
23925738098196567
1585080149005522431
16557098995471
1085226768665673727
1229782938247303443
3996794549303736183
1229782938247303445
6302637558517430135
361700864190383381
6295855667313860447
5153960755
3689348816030400511
4311679231
71777216425361407
56294136427315
3689433253799002111
14355442858917943
1440927576963888127
361700864190383367
2260630401189896031
217020518514230035
3980970136495406911
93823560602967
1537416319930335231
16557098929951
508906753850605567
14355442858918195
3710741789158618111
858993463
1383505808964190207
1229782938247303455
538030035483195255
23925738098197335
1531036953477076479
14355442858919223
1395891580690183167
56294136689463
1383555060213219327
93823560799575
1537205213697802239
281479271809023
140735340838911
217020518514230103
1531011939205857087
361700864190383415
1395939272734760799
1095233503743
35887505496604671
22333829943
1383505806279835647
1103823307263
35748419398008831
16557100044063
508757220269228031
14316557655
1537228672451215359
73267089183
508641842028347391
4222189076156703
537916268653514751
14355442858918015
143890884281185279
56311316230975
230809476929945599
30081483007
71777214814748671
14356542387323187
3710741239394415615
23926837609828693
6158485570591872511
16717311
24489422485454847
375298554156373
6148961051113521151
217020587233706803
3692739760209477439
281548850148147
3689348815896150015
361700872780449031
2260560031371976543
361700864191432021
6151731683144982367
298032092483343
1085226218909827071
23925746688131167
432158643324933631
361700864190387541
6149488679424319327
217020587234755347
3980961340268166975
1229782955427434773
6302602373608470391
4222189076152447
143851301258596351
361700932909860181
6151740479103786847
16625818406751
364791565640531967
361700864190383887
1089694498073567071
14355442875695923
3692726840893322239
1229782938247565653
6158487186069485431
1120986529791
281472283967487
16557099388687
1085121215549407231
14355442859180151
1296777204515943423
33489919
17733473288585215
14355442859180095
287970887984952319
93823560603007
96264439171776511
217020518514492175
1098631190606200639
2194728289791
27021593477644287
217020518515282707
3978709540588699455
858994551
1230383421633593343
217020535694100231
2242580679793524543
1441791
96757023244287
4223288587781391
1107621621507493887
253693791
364517860141170687
337769114186547
3689424457705947135
91625968981
6148914691281256447
33490431
26740672543326207
859255615
230549119985254399
337769129915187
3689432704043155455
1112649174799
1085102593383858175
17039359
69818988363775
30317416207
1085102592855375871
23925738114978133
6158485020844447231
1431786847
384236802321416191
1229782946837369107
3996724179485816695
93823560603511
1231171545269141503
282579035950863
1085102594457567231
858994495
221577105102602239
298032075968271
1085191584293552127
858993535
86469116281487359
1431656287
366292772556111871
217020535694099215
1098666374441418559
375298538427733
6148952804776312831
282579642299187
3689348816021979135
217020535694361351
2251552694676176703
1122418120021
6148914691407085567
282580214961493
6148914691943923711
281497883202901
6148914691415441407
252645247
76296280082481151
23925738114975061
6151729621403391487
282570193567999
71846483527172095
361700864190514951
2242545633936236383
281488114257679
1085102593392214015
33493503
33496071984381951
281496468259071
71777215888457727
1229782938247303987
3690549774642542455
1112396595199
281471747096575
14355460038787135
288006071820170239
361700872780318471
2242616001606672223
337769113269043
3689362885054791679
30064836607
281471218614271
281496704192271
1085102593929084927
253693759
220402672065314815
16557098934079
218424577885208575
361700864190514447
1107638527838871391
93823560603487
366480416814006271
14355460039049271
1440892392054928383
56311316231991
1374723782282051583
23926837609825621
6151730171150816767
23925738098327671
1296779404109633023
1173957727573
6148914691809738751
2194728289279
18014394222903295
90211025151
71777215754272767
4222189076154127
1089607223006400511
2194728292863
33776992918700031
4222257795629151
432081677276090367
23925738098201941
6149478371345520127
93823578494293
6148952255020531711
14355460038787191
1296812388351161343
23925738098327647
432088275654497791
1229782938247566613
6293595174890600311
4222257796677663
576188069258924031
16625818406719
220676377564676095
93832150537567
384494814249746431
93823561979221
6148917620404256767
16557116034831
1085191034537771007
4223288587780879
1098614422252752895
1229782946837238067
3708564172078282615
1229782955427173653
6293630358725818231
217020518514231055
1089659175723548479
281488720606003
3689348814956625919
361700872780317967
1107708895509307231
56294154253107
3689423907950166015
56294153335603
3689362335299010559
282570193699071
71881667899260927
81621090559
71777215217401855
4222189077200991
432072881317285887
1229782946837238547
3978780149720512375
252649279
218159668344651775
1113255523123
3689348814948270079
23925746688131191
1296849771780068863
361700864191436053
6293595071407152991
298032075837199
1085156399921463295
217020518515278643
3692730964250672959
281487878324479
71777215351586815
56294136362871
1230608594743066623
1173385065267
3689348815887794175
1431656311
1230983901011247103
1095216662527
9007194976550911
282570194485503
71908056178327551
1095216665599
15762594417606655
23925738098196607
143928268246963711
1310719
61572651155455
16713727
8726823789658111
56294136361855
86694289390960639
82463372083
3689348814822440959
1095217119487
71811299155116031
16557098930047
76561189623037951
859255671
1239355436516245503
1229782938247304533
6149515171186833271
23925746688262231
1585009779187602943
56294137606963
3689354088961802239
4223288604557583
1116628271006420991
253697823
506381248403341311
56294136362815
221802278212075519
16557098934111
362539765961064447
361700932910908693
6295846871086620511
1095218036991
71872871806271487
1229782955427172693
6158522369904703351
1431787351
1519143908418781183
1229782938247434547
3708493804407846775
1431786871
1248927930776551423
859256631
1374463425337360383
4222189092930319
1098613872505327615
1229782938247435027
3978709782050076535
524287
35184372088831
4222189092930831
1107621071760068607
17170431
105003360452607
4222257795629119
287966489200234495
361700932909864213
6293603867365957471
1095217905919
71837687434182655
1095216666111
24769793672347647
14355442858922803
3690475590835450879
93823577707861
6148925866741465087
14356542370546483
3692727390640747519
375298537641301
6148926416497246207
14356542370550067
3708489989336544255
16625818410783
506654953902702591
16716799
15482223230713855
81604444159
281471621267455
16557115903759
1085155850165682175
281548007866623
71777216291110911
1431655807
96076794913882111
217020518514493191
2242545495958306623
1121239109391
1085102593920729087
217020587233710867
3978718336547503935
90194378751
281472158138367
17956863
131391639519231
4222189077200959
287957693241430015
14355442875699507
3708489439589118975
23926837626601813
6160736820649743871
217020518514234163
3690487960530009919
56311316231031
1239615793460936703
252649311
362274856420507647
1172526137343
281472686620671
93832150538071
1519401920347111423
93832150537591
1249185942704881663
281549422810453
6148914691818094591
8207682533239
1230045644217909247
21109764284415
1688846424604671
23455174301013
6149477649780047871
23360327144959
24206843758247935
1970835945881719
1296775004922257407
5368997202826003
3978709506094217215
73468331965091599
1085190897101922175
5911245099434239
71870672833304575
325017439
361701083149500415
5348432585621599
432070682126268415
73470488005775119
1085102800077021055
5348432582738175
71833289471506431
1970389269283071
71795906243928063
545469169791
143835907860987903
1970389379387151
1085120253492404223
76848531558716757
6148952220661413759
5368996886164275
3689349690982610943
125243391
4240953787285503
21298742845279
361976815842492415
8207682506751
4503595619713023
1978051484126991
1085103623632789503
356472319
23929049512411135
1978051601041159
2242545357980377087
5911339587272959
71780514255558655
72907581035578639
1107620934310641535
23454816419839
1125897043705855
73468331932189455
1098613597614858111
72905330472718095
1085102936976998271
125269879
1229783002385481727
357908479
938261375614975
21110086374195
3690474731828936703
5348243920859955
3689353229981661183
73470488245261653
6148914837433835391
5934154803123477
6293595036912670719
118454271
4801704717451263
5348243607060735
71782712708380671
322134015
1463690494738431
72920929997623603
3708489405220470655
23360327139135
217298677781757951
76861433407812403
3689348867426842495
72920929759605555
3689362060425510783
7761005934591
5066545539579903
5911339936863573
6148916898860849151
7761124329231
1089606260919107583
5911245097992255
287953294993610751
76846186273899315
3692726566002849663
76846186506564403
3689423873591179135
356466495
217020883535921151
325006335
14360961888550911
73484025982161237
6158484986475798399
76848531361826133
6151729483953960831
21298742834175
14636694581542911
76861433443603797
6148914734758852479
1970835939066111
71793707254226943
72907581001240335
1085155575292968831
72905330676413235
3689349107001802623
73484025775609173
6148925729304698751
5934154455012693
6148915421414643711
545460879231
72620539729936383
8355711
72341268037894143
4785208034402079
506504836221466623
23179942630719
240665500304539647
7726653966199
1233724610359328767
1426156776534847
230545595284545535
1407740006577015
1239368679343218687
20972331537247
375775687609942015
1407439594664767
230624174807146495
72344588067735039
26796744941469567
511219009399
1233739041229242367
72342380456772607
17826928543104895
1410703488791415
1239428876686286847
72340233237107199
33626875473395583
73466089925063679
14460224479911807
19056821211999
375785858600009727
844644057830775
1248938965419900927
849952556406135
1248961642501193727
4785439727882079
364570840005572607
844798642837335
1519189989491949567
1407611190982455
1374547173240168447
5911064706629439
217113961248544767
72903131381585407
23995188779106175
72340387653813759
26844985278037887
76843841185976319
4353514000054143
1970354902234999
1229799353862791167
3363250180959
375863063754047487
18910825878847
240678006647422975
5348106163150687
361756914368854015
4803839318236959
506382276904843263
5862684034935
1233761170031116287
270936642879
240757136328491007
4785293732679487
220490973170333695
863198233187679
384230932031684607
5733868832055
1395855708576022527
3672253072215
1530965759012896767
4790662359879487
220452078539995135
72357833744519679
33512562368151423
3517667673975
1233798690292891647
844489641121119
384274327719067647
5562271208767
240717691539685375
72340533649015807
17802464782679935
408341910367
375829803372118015
4788454748917599
364604649472227327
847736355641175
1519144635329363967
1412893920147255
1374464298815807487
18825128907039
537906888301871103
14355442863374463
143853500885840895
255795007
218146474205118463
4785156225171711
71777215217367039
361718525096957205
6293595071272410975
85327871
96069828476927
1095216683007
6192445209444351
72395363168891699
3689423907950133119
4878898166060373
6148917620404221951
1464583913471
281472116195327
1229782946870924051
3978709506098427767
217038179420803859
3978709540453957439
4841368758334259
3689423907950131199
23925738100424831
143853501456274943
14355442909254451
3690474766201730047
93823645865301
6148916933209489407
14355460039573567
287953295262036991
217020518517379891
3690474766390476607
14358741410579251
3692726840880739327
860982029520655
1085121215549358079
5527622975487
281471208128511
16557098934271
2251795771424767
844507393504051
3689348814822391807
361700932915103061
6151729483987509087
16557149720335
1085120390915686399
361700864191452501
6148916933377875807
2097151
8796093022207
56345675970367
221802277406769151
1229783084276192051
3690549773501691767
23925781047869567
143928266904786431
252657535
72918580361953279
1407466509522261
6148914691281215487
14355442875708211
3689349141172794367
257888127
76285284966203391
375298823640405
6148952220660760575
859255807
14376337871470591
16763257364287
218424577683881983
93866510276447
366480415471828991
4227686634293007
1089607222995914751
72340181663813391
1085102593383825279
72432892593132885
6148952255020498815
361703071803705095
2242545632858300255
1095216674815
5629495256023039
859779967
86416339723354111
4393751548927
15762594405023743
281694036754687
71777215150260223
93832150546295
1230045644288557055
286994262331151
1085102593918599167
23925738098851967
143840307316741631
1431658367
73558796777029631
72340190253747983
1085102593920696191
72340242399703859
3689348815887761279
361700872780973327
1107620934579085151
362263822733870351
1107638526765113183
1432311647
366204811625889791
366204532538279253
6151731683010762591
50855935
34359738367999
4225487627813647
1098613872492744703
1501198445532501
6148917620404215807
217020570054099727
1098631189800894271
8725857424048223
432072881183066111
253714271
361703110374064127
217020518581602063
1089623853912506175
72395363167974195
3689362335298977663
96031173793655
1231171544191205375
282570198941951
71870672782983167
217020518783718195
3690479130077249343
56294136364927
73183490508849151
23925781048000607
432088274312320511
3380998255411
3689348814809858047
33510911
23925922776219647
1431795575
1229787632360226815
1229782938251760981
6149477787791488887
56586194137983
86694288820535295
14355734916694143
143890883710759935
361700932909880661
6148925729336680287
1164188782351
1085102592578551807
1229782938247583061
6148917036861323127
1229782946837246771
3689423873661958007
14355442859704447
143838107723052031
14355442859180287
71798105871168511
3670015
21990232555519
56294136379263
77124140182798335
1431656447
6004802366472191
362263822733870855
2242545632862478175
23926837895041365
6158484986476320255
16726015
5349124069130239
1229783230305080661
6149515170616407927
252665727
73481530315374591
20185087
56624848830463
217020518514495247
1085120391724089151
1229787353473684821
6149515170647865207
301929471
15481639115161599
14355460043243639
1296775004955816959
56311316234047
217298678047834111
23925884127084671
143928267106113023
24488696641683551
432088274580739583
60709362743103
221802277673107455
100599807
8726136594890751
23931235673113941
6151729621392905727
217024933740873479
2242545495419338559
217024933740611343
1089659175184580415
281694879036211
3689348814755299327
96031173793631
366480415736070143
19786914337791
15762594408693759
93823847191893
6148917036288704511
23925738383414613
6149477787229967871
373678866687
71777214646976511
860982046035727
1085155850165633023
298032126168847
1085155575287742463
1229782938314675541
6149479849375790967
1230345896790790451
3708493803334088567
298032076623631
1085103623363330047
4223288638112527
1098613597619032063
56311316248439
1230045644252774399
23925738098327807
71800305464858111
133144051711
281470815961087
4222257798774847
287953295060701183
1095222362367
71800304038838271
1465341791
366222128934027263
14355460038787327
71833289706386431
218146435601204999
2242545495421427519
17825791
17042430230527
844506551222527
71777215217352703
95984431664533845
6158485020836058495
217020518515290931
3689353264530145087
133160698111
71777214412095487
253706047
217024972344786943
4223288587783951
1085103623370641407
4222189126485775
1089606398372679679
1318555025407
281471545769983
1230908855334277461
6158487185532606327
1465341815
1230913257389162495
5767167
24189255811071
1407404965036287
71777214814707711
255790975
76283085942947839
361700864195630421
6149477684308041567
4227686651069711
1107621071749582847
1229782938249532211
3690475007851853687
361701207788815701
6151731682977210207
2194728310271
24206843710537727
23925738182088021
6149477684150752767
33502207
14355773568057343
34218004455263
362539765826322431
1319413953331
3689348814746943487
1230345896790790931
3978709780976318327
16625818419007
217298677844148223
86414136425251635
3692726840884933503
1095218692351
71784910876049407
23944429795874133
6149478371336607231
252649471
1986886230867967
217020724673708851
3692730964049346367
298032159854351
1085190897098784767
3328852299535
1085102592842792959
361700864191039247
1089606537143344991
4785157067453235
3689348814822406143
5587752517631
281472147652607
14355443144135475
3690475006719898623
16625818406911
4503595450892287
1431664511
76936496497557503
18774161044275
3689348814813528063
14374134556594995
3690475590826537983
93823560611711
77124140755451903
93832150537727
24206844060106751
23925746690359415
1296775004989380095
16557183274767
1085120528354639871
217020535694102287
1085155575559307071
844455011614975
71777214814699519
1229785145860625171
3978709780972140407
286523391
60988535603199
14356542420878131
3692726566007026687
23925746688786527
432070682394711551
217020587503194899
3978709506094743359
284787255489331
3689348814944043007
845537579306767
1085102593383809023
1095220265215
71798105015582719
1433884031
96002028123193343
72340182270161715
3689348814948237183
281539653865231
1085102592586907647
4223288671667471
1107620934312726527
859273079
1229785287308083199
4222189160040207
1089606535811633151
34218004455231
218424577750466559
23926837609846101
6148915421383710207
217038179419755315
3690487960395267903
361718525095908693
6149488679289577311
361700872780320527
1085190897372454751
1229782946839466291
3708489405287593847
1229782955494544661
6293595036914775927
1230908855334278421
6293595174353721207
337769399399219
3689423873590394879
23925738114995541
6148914871636284927
4841368741688115
3689354088961767423
14355494398525567
143890883475878911
4786247989146419
3689348815887759359
217020535761471239
2242545357982482239
281539417932031
71777214546280447
4785164815106303
71777215754237951
217020518515017487
1089606399165415231
863450999
1230346038238248959
300241120482645
6148914691809181695
4222189092933391
1085103073623216127
3328599719935
281471206031359
22413311
94008244174847
93969589491575
1231171544128290815
1408496122662671
1085102593920688127
4222532673536127
143851301090824191
15481359945891903
287970887448073215
286654463
96172907692031
858994687
5404322988818431
4222395234582655
143851301057269759
301929983
24488838369902591
4222257795629311
71793707086450687
1466015503701
6148914691239313407
361700864190517007
1085120529702018911
16719871
1971424348602367
522133311
218150837891891199
1095216668671
2251795535495167
93832150540127
361976816112893951
858996607
72958317399375871
23931235656340821
6149478371335034367
67045375
8725999155937279
863449983
86431732886142975
16557098950527
73746439855931391
337769163600691
3689362060421070847
67048447
15481398596993023
72355626130542351
1085155850165649279
1431789407
361718804184563711
1407405200969487
1085102592855334911
5589184107861
6148914691270770687
6592774801407
9007194966065151
93823560605567
73746441034924031
8725857424048191
287957693107210239
4878898182575445
6148952255020496895
361700933179348245
6293595036913196895
361700864224069391
1089623854451482463
56586194138999
1230608594172641279
236239913215
71777214613422079
14355494398787647
287970887179645951
72355626130673423
1085191034537738111
4222257800872031
432070682159812607
16900696317791
362539765793292287
1229785145860494131
3690549773564606327
4786169822118143
71872871806236671
286995441341781
6148914691404955647
1229782955431629141
6158484986509358967
361703071803574031
1089694496995630943
4222532674584671
432072881149513727
56311316231167
14636694816161791
1423931982941967
1085121215549366271
217020724672664371
3690487960328683327
4222189079298175
143838107119063039
281840065642751
71777215720685567
337769116414771
3689349690915258367
3380139327487
281471608684543
1408470100672767
71811299155075071
16625818427231
361976815873425407
236223266815
281471017287679
859258687
217038321103142911
56294187938611
3689353264328081407
845520148037887
71837687434133503
23926837693711701
6151729483956049407
6592774804991
24769793661861887
15481359945891959
1296777203979064319
18783323641173
6148914691272343551
4222189081395327
143840306142318591
282570194354431
71793706969038847
281841480586581
6148914691247669247
1408470101590271
71872871806230527
859010943
76898967073325055
16763257360255
76561189421711359
218146435601203983
1098631190069321535
284786649141007
1085102593379631103
4786248561808725
6148914691809703935
56294422819635
3689353504846249983
56294156481331
3689349141159477247
76280882642486543
1107621071751679871
2194728301567
14636694502375423
14356542370558771
3689349690920219647
18773302116351
281471612354559
375298542884181
6148915421380968447
373662220287
281471050842111
361701207787771221
6149488679256547167
1501198461261141
6148925866741424127
845520147251455
71811299155066879
72432892592346453
6148925866741432191
1229783084276322611
3708493803266996087
361700907140187407
1107638526496694111
900719083467571
3689362335298961407
844455247548175
1085102592855326719
1229782938280989491
3690479131020457847
33492991
4222674406473727
14356542655762739
3708489405220991999
93969589491071
96264438030925823
1433884535
1230909134220558335
1229787353473946901
6293595174351632247
4222189077201151
71784911127646207
16557098942335
73183489902510079
221524186862125875
3692730964116453183
300240547820339
3689348815887237119
16900696313727
76561189455265791
86414136425255219
3708489439580730239
14358741393806131
3690475590822867967
100603391
24488735290687487
72340242972366165
6148914691809705855
18781892050943
281472149225471
93823560603647
6192446624366591
1423931999588111
1085191034537730047
522133343
362266025967747071
14355734916956279
1296777203945518079
1432311167
95988833983660031
900719067738931
3689354088961753087
1229782955427190101
6148952220696541047
93866510275967
96264437829599231
23925746688131327
71870673135293951
1408497301673301
6148914691407044607
217020570053838607
1089659174918242111
16734207
5912074022551551
72340191432758613
6148914691407052671
1407465094578431
71777215754231807
4785166230050133
6148914691281221631
361700864459871573
6149479848971558751
56345675969407
86694288585654271
1229782938247443251
3689353505991522167
1229783230305341781
6158487185499060087
375298621527381
6148925729302478847
4222395235631167
287957693040103423
257892191
362263861304229887
24488696641683575
1296779403035874815
16557116690191
1085103073607548927
926365559
1230348099822551039
95984431664530773
6151729621395002751
217020535694885647
1098613597883285311
1431787007
23948832131776511
60709362743159
1230608594204098559
366204532538283285
6293595071272933215
19786914338303
24769793663434751
253693951
4229889951531007
4786169821987071
71837687434147839
859780927
221524328544468991
361700872814003975
2242545357984587615
5527875555087
1085102592844890111
23925884127215735
1296779402968782335
282570196713727
71833289387638783
23944429812650325
6158485020835534335
1163936202751
281470941790207
14374134573371699
3708489439580206079
76280882642486031
1098613872496938879
217020587236852531
3692726566069944127
361700907140056847
1089694496731389791
2194728292351
4503595340791807
4225487611037455
1089607222993817599
4393751545855
9007194963967999
217020587233719091
3689362060488949567
56294136363007
5629496098291711
221524186862129939
3978709540454479679
84410367
34497177321471
845538185655091
3689348814948220927
926365503
221541783291559935
51642367
60748017434623
93823582950741
6148914871625187327
86431728879735091
3708489405220467583
1230913253447898389
6293595036912670583
1986881936887567
1085103623363305471
23925918486823167
71870672799749631
14376333579858739
3689349690915501055
362263857094133007
1107620934310633311
1095224983807
71778313806282751
8791798059007
4503595334500351
221541779316609811
3978709506094217023
14355442863898879
71778314661868543
72905330640490255
1085102593379614591
1431666687
375302832259071
16744447
282574488338431
366222124992763157
6293595036912670559
1434408447
23926841899220991
16557098958847
562945911160831
4222189083492607
71778314057879551
357957631
93836445483007
1971420054618367
71793706969014271
93823560613887
562947090153471
1970389278195967
71777214546255871
34355443416895
217298677776515071
56294458471219
3689348831921831935
23925738100949247
71778315232302591
72905331246838579
3689348814944026495
5911341014799701
6148914691247659007
56620553876479
14636694514171903
221524324303176499
3692726566002833215
8388607
2199023255551
24184960865791
24206843707916287
863974399
14356546662170623
217020518785823539
3689348832123895615
86416335482061619
3692726566002832255
361700864224595727
1085102662638067551
76861434213118771
3689348815887234943
118489087
16630113370111
1229787628351608149
6148952220660889463
73470489386112341
6148914691404947327
1095216693247
562945675231231
23456248059221
6148914691236691967
217020518582128399
1085102662099091263
1230348095847600915
3978709506094217079
217024968100351759
1085155575288774463
859013119
337773408026623
1230346034231841075
3708489405220468599
76898963064697651
3689423873590392703
218146469961466639
1098613597614841663
73481526104624911
1085190897098776447
545460912127
281470715297791
134156287
4222262089613311
60984240666487
1230045644217122815
366204807420380501
6151729483953952607
526344031
361700876991070207
5911339599855871
71777215720675327
5348244459828019
3689348814755280895
14355769276432639
71833289404396543
23948827842401621
6148915421381088767
76936492488938837
6148952220660758399
60743722483519
217298677777301503
7761258549007
1085102592572260351
96002024119013717
6158484986475795839
21985937601535
14636694497656831
259985407
4223292881764351
4222189193596687
1085102661306355711
361718799973832021
6148925729302601567
369055231
23925750977527807
15481634827993207
1296775004922254335
17038135267327
4503595350228991
335492095
14355464330412031
1230909130216378709
6158484986475796343
5349119777505535
71833289387620351
76283081699296015
1098613597614837631
252674047
298036370604031
93823918495061
6148914699826495487
94003949229567
24206843724562431
218150833714824967
2242545357980376895
96065533534047
361976815840264191
361700864464082261
6148914699994881887
5348243617546495
71777215150241791
4229885657550607
1085103623364349951
1229782938318886229
6148914700399114103
34492882378591
361976815839346687
6004798077097301
6148915421380958207
5404318697206579
3689349690915239935
524238655
217020539938537471
24488731001946207
432070682126259711
23925738450539861
6148914699837593087
361703106163314447
1085190897099824991
8726132306149471
432070682126256127
7761005969407
281470935498751
76861434785781077
6148914691809179519
930576247
1229782950845874175
21110623253299
3689348814742224895
8725994865098815
287953294993590271
15481394306154559
287953294993593343
217038316858716979
3689362060421316415
322174975
56315611185151
362266021790680839
2242545357980376927
14355443177698099
3689348831935149055
1229785283299455795
3689423873590654839
21109764325375
281471541051391
72918576117518095
1085155575287725951
16557217353487
1085102661290688511
926891839
217020591478145023
76285280756106511
1107620934310629247
95988829778150741
6151729483953952127
1229782938283094835
3689348833067104119
1970389514129167
1085102592586883071
72958313154949939
3689362060421054335
23454816468991
281472113573887
4222670112489727
71793706985787391
56294136381439
562946517499903
545477558527
71777214311432191
73470488207101711
1085102593918590847
1467447159
1229782959435808767
5912069733155071
71870672782972927
1465868127
361700937120612351
96168612755319
1230045644217253887
73558792566297941
6148925729302470527
24488834082734199
1296775004922254847
15481359945892095
71798105334289407
859797375
76846190515191807
863453055
72920934004031487
849952805687055
1085102592844840959
1230345896790799155
3689353504917763959
257900415
72907585245675519
1501198730745173
6148917036288663551
56345675986815
77124139377491967
23925781050097791
143853500114097663
100612095
5348436874362879
863199091176243
3689348814813478911
1432319871
76848535567335423
23925884127740031
143840306175890943
34218004455423
2251795636682751
361701208057255253
6149479848803786591
1230908855334294869
6148917036324444023
24488696641683711
71800304391099903
900719352951603
3689353504846200831
1229785145862722355
3690475006773917559
860982113406735
1085120528354590719
301932543
1970840233050111
1229787353478141269
6149477787252520823
72355626131328783
1085103073607516031
1408470103818495
71798105015541759
4786169822773503
71784910876014591
23944429879760213
6149477684141839871
1407611123466495
71777214613381119
4878898249946453
6148916933209454591
1229783230372451669
6149479848805365623
217024933741397775
1089606398626447167
72395363171119923
3689349141159444351
8725857424048383
71784910993426431
95984431664551253
6148914871627896191
60709362743295
5629495559323647
23931235941553493
6149477787219482111
56586194141055
73183489938423807
844798608998655
71777214646927359
56098815
23364622090239
72340233203420943
1085102592578518911
14358741679018803
3690475006707315711
72340388428591923
3689348814746910591
93969589493631
73746439894073343
361718525101151573
6149477684173299551
14374134606926643
3690474766192817151
217020724942148403
3690479129875922751
16900696326015
73183489734737919
361700907173742351
1089623853109305183
1426158207194453
6148914691272302591
86414136425263923
3689349141164405631
255811455
73468336175841279
3672197103615
281471038259199
14355494402982015
143853500080534527
4393751566335
6192445196861439
6592774813695
5629495245537279
93866510284671
77124139413274623
4222395239825535
143840305940991999
16763257380735
73746439654604799
926365695
5369001177776127
14355734917480575
143838107152626687
1423932033273615
1085120390915645439
76280882642489103
1085103073614827391
87556095
21303037788159
96031173793791
6192445546430463
218146435601207055
1085120391187210047
1229783084309877555
3690479129879607159
4790663788189013
6148914691270735871
72432892597589333
6148914871625154431
4222532676681855
143838106951290879
19786914340863
2251795526582271
4227686684624655
1089606398362193919
217038179422901043
3690474766255734591
4785207764779263
71777214412060671
361703071804229391
1089606536065408863
845520152494335
71800304038789119
1433886591
73484029986340863
1465341951
5934158744387583
5733781405695
281471006801919
4225487694923535
1089606535799050239
287309823
8211977469951
362263822733872911
1085120528628260703
18824841723903
281470807048191
217020570121209615
1089623853107199807
4841368792019763
3689353264328046591
366204532538299733
6148916933243656031
4788455602336563
3689348814809823231
1410703735852815
1085102592842751999
72340535030142293
6148914691239280511
67065855
5911249388830719
221524186862138163
3689353264395925311
522133503
1978055778107391
4222395318474047
240678005850968063
8725857424056095
506382275034679295
217038179420541791
375785858092449599
72340182842824191
24019197646307199
23944429796528991
375775688117409279
237149566775
1374463283938983935
281694104322047
104862498914303
1230345896790807903
384274328381241207
1230908855334286143
230624176006190967
18782751765311
230531524971724799
24488696641705815
1519144634637293055
56586244928375
1239368678189039615
361718525096564031
240678007249264479
284786402131967
94554766147583
1229783084343563583
240757137124849527
72340241793355775
4238683754430335
72395363168105471
14460223736741759
16900747890527
364570838647701503
1423931983871807
217113960024858623
281539687612415
131353253216255
217024933743757175
1233761169120902975
93969673835895
1248938964838383615
900719066969975
1229799354184974335
76280882642489855
33512560623816575
362263822733890935
1248938965073862495
18774734361951
384219206771015679
845537343395327
23926469302370303
844455853913975
1229820467922026495
14355734967027575
1233761168900699135
375127496535
1519143629615005695
361700907409544511
240757136519290719
1407406379988855
1229857997346267135
4393773892607
17826927486173183
217020724740032375
1233739041787035455
845520163788287
23995187730530303
3329463104375
1239353233722310655
1229787353475913023
240717692747085687
5529056793975
1248923528961458175
96031179495255
1519144634622017535
23925884210972535
1233798689735005695
4785165657390911
217073502656624639
1229785145864950623
375863064424576887
860982030327647
361756913682038783
4225487616283487
375775686939316223
133666119455
506381209882853375
95984431664530431
17826928916387199
5588008243007
220398271189745663
844506787176287
361711903111593983
34218006486815
506382275018489855
72355626131460095
4353512247885695
361701207821453175
1233739042359566175
1464650892287
17733195550162943
1408495886742527
14356320631087103
86414136425252351
26796744205349759
366204532538281791
220490973763819359
1229783230338765663
375829804705347447
14358741398259575
1233724610696918015
72432892592215551
23995189145468799
60709366347575
1374464297535799295
281840099524607
69541258297343
217020570323325791
375829803527257919
23931235658565495
1233724611269449215
218146435601216375
1239368678424649535
14374134557381951
240665499702604799
286994013093887
57171909771263
19786932097535
33512560371695615
1318655559167
26740531673432063
4222532723872607
375785857266683903
1501198444623735
1229799354757636095
23925781333087071
375863063598814719
4786247146868735
4223221872162815
4786169838637055
4353512011954175
1164238066175
33496033589723135
4227686637442367
240665499097042943
15481359945905975
1374464297551205375
361703071808817015
1233798689955209055
221524186862128991
364570839489656639
72340190860096511
14411519550783359
16763342622527
220490972349333503
14355494683743551
240717691348792319
300239689875455
17589895397375
4878898165931871
361756914861045759
4841368741822271
217113960631203839
56345962558271
230624174592491519
4785157640118111
361789169573263359
1407465330523967
217033765619195903
1408470117331967
14460222894465023
3380397150047
364515657749889023
93866796733791
384274327540203519
6592794920447
26796743347666943
1463686205354871
1239428876484173823
4240949779566879
537906888301809663
93823614277495
1230946420263354367
5911064706678783
96754204628991
5562841642815
221577101065584639
4222189076182911
76860256801460223
1412894775785271
1374463422642479103
5863489353591
1230383418770980863
408880886655
86469112087183359
1229782938248224543
506381692789290871
14355442943070015
220416206379627519
72341264029258239
33626875221737343
1095570363903
24584354164375551
1229782938248221183
33503731915388791
217020879291504471
1519189989479366463
361701078938748415
26844984739061599
1229782998377763103
537906888301836151
14355442858942335
73522140103521279
1229782998376849183
506504836212553591
23179955213823
24489419655872511
217020879291483135
17802463704727359
361700864193660415
26761423130419039
93823611918175
366215709389619199
844645405250935
1248927927353950207
1463686200767295
230545594139238399
72341263793456127
17802463356616575
14360957596947831
1248961642299864063
4801700428058463
364604648663775231
5348106163191807
61569295661055
19057022541663
362274853559468031
361701078942025015
1395855708575981407
4222189362435423
384221551160922111
1229782998376845823
33626875338651511
7726662879231
8726820016881663
23925738148663135
364533456610219519
73466089925115903
105000667668351
23929045223018335
364604648901793279
23929045273477975
1530965759012853247
361701078938761015
1374547173229682527
3519009871735
1230983897576112127
4222189362426687
230536213876903935
14360957681075511
1395855708575970303
56294221231935
221537708226641919
1463686283999031
1374547173226799103
938257131198295
1519189989480808447
217020879296987991
1530965759012847423
14355442943087991
1248925771280364543
56294142587775
86419411484016639
4785439929995103
364517857289009151
16557106728831
76299505855627263
20972342023167
15482219862163455
938257084011895
1248961642332766207
23925738148672375
1239357684226938367
1095334561791
8759942299254783
217020518519735295
17756284921003839
72341263827142143
26844984422399871
361700864190396415
5452887784120159
4801700708818719
506504836205737983
847737781704535
1519143905184923647
56294225819511
1230420990571577343
938257081652575
384230931459031039
3364391049055
366292768516997119
511353753471
76296276089503743
16557387489087
218199693397590015
16557389717343
362352264868790271
217020518519756631
1519143810695642943
4801700425830207
220452077192574975
1095536677887
15541833098592255
72342380467913727
17733470054743935
76843841186037759
131389349394303
217020518514251775
5980515387522879
4240949493314367
230545593942347775
72357833760248319
33496069693734783
18910993653567
218159664913186815
72903131381628927
69815758700415
1407740815029111
1239355433664077823
272014595455
96076790686023679
14360957596929855
220452077399127039
1407440167318335
230549115958681599
361700864193673015
1374463611621039967
4785293901107007
220402668642727935
1229782938247307263
2101679826106231
4803839569895199
506381246112692223
23925738098212735
72996574115878399
93823564731775
95987362241576959
1970354902269951
35180613935103
72344588081104383
26740669848452991
23929045223027575
1239428876518512127
4240949493323103
384230931226365951
844490786428255
384236798294835199
56311316283391
281471003918335
364515656907818767
1089606535801147231
1061109631
72905334682812415
26740530815631487
143840305974543871
253755391
7765300871167
361711902256467727
1085120528354598751
1374463283923456819
3690479129942505271
506381209866536719
1089623853373529887
337769972052787
3689348814741929983
14356543226196787
3689348814746891263
17587891085311
2251795519766527
1442797567
5911343878111231
1431830527
23459111370751
131352984844159
77124139610144767
230531523557921587
3690474766189146943
16625818468351
281470800232447
2004318079
76861437649092607
23926468242768127
71800304038794751
23926839035909461
6148914691239269887
859308031
21114059227135
94553705043967
6192445198303231
1229820467671675699
3689353504846215031
1229782947409900339
3689348814813493111
384219205929866581
6149477684140266847
14356319032508671
71798105015530495
217073501231854387
3689353264328032063
298032328281871
1085102592571179007
217033764193636111
1085120390915637055
93832150581247
281471039700991
268378111
1970393556451327
1239353233486582579
3690475006710985591
14411517968724787
3689349141159425023
217020535896215311
1085102592842743615
4223288839442191
1085102592578490367
2194728353791
281470690131967
361789168719058261
6148916933209448287
1519143629599610197
6149479848836814679
282570210083071
71777214294622207
4222257811357951
71777214412034047
872364031
5348247895801855
14355460052156671
71777214613369855
23925746699272447
71777214646932991
361700934257300821
6148914691270729567
1248923528725861717
6149477787221054839
1229857997096047957
6148917036288669559
361700872948748047
1085102592844848991
33554431
549755813887
69539815505791
73183489700397055
217020588042171187
3689348814809808703
220398269775152911
1089606398360096575
1229782956572497237
6148914691272308599
1600085887
73470492249423871
57170309691391
5629495242653695
4223219869352191
71784910875987967
17733194119839871
143838106917733375
375299968947541
6148914691236528127
104861626556287
73746439687503871
24019196603356501
6148914871625143807
4238681767350031
1085103073607487487
33496033337475199
143853500315406847
5348432596107519
71777214378489855
217038317130289971
3690474731828887359
15481394309824767
71795906042598399
1986882053803791
1085120253476675583
5934155881076053
6148914691270203391
8791798085631
5066545287921663
361718800247493973
6149477649780006751
221541779050279731
3689348866348889919
863993727
72340391864565759
218146470028054287
1085120253479821119
1230346034263307059
3689353229972748151
1230913253385000277
6148914837299091319
73558792772867413
6148914837265407871
1229785283335230259
3690474731828901751
76898962832044851
3689348866281535359
260013951
72340237245743103
60984240652287
1125895898398719
21298742886399
281470769299455
34492882370559
1125895696285695
73484027123029333
6148914691238748031
1971420061434111
71795905992269823
221524324569527091
3689353229969078079
76283081732853519
1085102936171679615
76936492292068693
6148914734186198911
17038135295871
72620539714207743
1467441151
1426161070505983
95988829979497813
6148914837266060671
23948828194706773
6149477649780004351
14355769281413247
143835907860935679
1970835954794751
71777214579810303
23360327188479
281470737842175
73468332133519119
1085102592574316415
21985937612799
1688845568966655
86416335716954931
3689349106800472959
24184960860159
1125895617642495
125304831
18829136625663
96065533540351
5066545371152383
72918576151858959
1085102936168546175
72920930568057651
3689348814746369919
5368997741802291
3689348814809282559
96168612749311
1688845851951103
361703106197522191
1089606260919066463
356515839
3676492005375
5912069731713279
71780512829495295
24488731003519231
71795906076153343
73481526071725839
1085102798729600895
362266021757652751
1085102936438021983
1978051735785231
1085102592840638463
8725994867196159
71782711903062015
96002023917704533
6148914734188418431
1465874431
4790666651500543
56620553895807
72620539716567039
4222670119829631
143835907860926463
8207682568191
281470969053183
366204807684642133
6148916898850363231
94003949240191
72620539718795263
72958313392976691
3689349106799689599
34355443425279
1688845616152575
5349119780389119
71782711852742655
1229787628423157077
6149477649780012919
1230909130279310677
6148916898851936119
926906367
4788459038310399
5404319013876531
3689353229968291839
86431728644862771
3689348866285974399
24488834081161471
71782712137946623
76848532704023893
6148914691237181311
15481634824323327
71780513114690559
217024968168245007
1089606260919058239
366222124728538453
6148914734219876191
218150833648242447
1085102798999068479
14376333898617651
3690474731828884479
4229885774989071
1089606260919046143
526335999
849956848009215
335503359
1407615401721855
325058559
5738076307455
76846187079217971
3689348814742714239
362263857127165711
1085120253481918303
5911245110575359
71777214344943615
524247039
1410707778174975
1434419071
72340537893453823
72907581203353359
1085102592576405375
60743722498047
5066545337466879
930562047
863202527150079
369049599
844802887254015
134182911
4785212043034623
8726132304052479
71780512913360895
76285280722554639
1085102798734823295
6004798425224533
6148916898849708031
23925918489575551
143835907860944383
1230348095816151859
3689349106867058551
1248923528725861215
375863064932078967
14356319049025023
26796743358100479
361700933078290239
220411465329237855
17587908972543
4353511996260351
506381209866536823
1233739041449385759
104861627801439
361756913513660415
217073501231068023
1239368678759415615
1229782955999834943
230584301529823095
361711902257385279
220490972550618975
384219205929863031
1233798690865370463
361700874127758711
1248998295752105823
14355460894439223
1374498605749974015
281489293311999
93824634290175
375298537553919
70365880877055
4223219885085183
33512560380547071
281497310593023
56295746928639
1113839326719
23925739157979135
32069089143
1229782938497843199
56312175473463
1383470620619309055
57170326795263
14460222881136639
1229857997095916895
384274328882345847
1519143629599610175
240757137726723927
2194761777663
35747867511488511
14356542383916543
26741218868147199
230531523557918583
1233761169458541375
337769113452543
105549680312319
17733194119845183
240665498906199039
217033764194422623
364570838815424319
1239353233486583103
240717692145185655
4222258047295263
506390040335552511
14411517952210743
1374464298074715135
1172794445823
4222191080046591
91255422783
217020519940095999
1229782947982562655
384307167701202807
69539816881983
217113959822786559
23925748114216791
1519214273237046783
217020536502563703
1239390617117605695
4238681751625503
506382275153170431
1374463283923456863
375829804197820215
364515656907822399
240678006041808735
282578800082943
1097355722751
282570210279423
140183454318591
16626072096543
508633044040548351
4223288603513343
33496617705213951
94553722017279
23995187719438335
1121858827263
14355444457799679
220398269775156063
375785857421872959
1229820467671806783
230624175397762935
131352985302903
1229799353612369919
33496033337476983
1233724610139066879
281548243861503
16559112159231
217020587435822943
364526652866117439
298032076816383
131937353039871
83204464479
361700865045692415
23926837620966399
17734020183840255
93833582302551
1537158302991253503
24019196586710871
1519144635699910143
361789168718140791
1248938965979193183
23926468259415039
17826927498712575
26740530815636319
375775686784124415
1229787629496915285
6148914691236657015
1230348096386577203
3689348814809282423
96076790909719893
6148914837265405311
4223219875643647
71778313806221311
335544319
240518168575
217033764261269263
1085102661290639167
1065320319
72340185706135551
1248927926772389205
6148914837265536375
221577101127660339
3689353229968291647
21985937653759
281470685413375
220398269842263823
1085102661293772607
8725994877681919
71777214344923135
34492882419711
281470766153727
217073501502386995
3689348831921782591
364515656941375247
1085102661295869791
926941183
3384434229247
364517855964628751
1089606260919045983
268402687
281543696187391
2004844415
72340245835677695
14356319037227263
71778313806230527
2004320255
300243983794175
134217727
137438953471
220402667888772879
1089606260919045951
2004842495
4786251425120255
362263857261907727
1085102592576397151
1602183167
1408500164984831
1374463421362418483
3689353229968553783
17038135328767
281470699569151
384236798115927381
6148914734186321247
221577100861322035
3689348866281518911
8726819500916991
71782711852730367
76936493634245973
6148914691236525951
86431729450169139
3689348814746366847
1239353233520145203
3689348831926236023
86416336287380275
3689348814742696831
1230983897069999445
6148916898849707895
15482218943545599
71795905992266751
104861626564607
562945742733311
69814693429119
72620539713421311
96752728307711
5066545287266303
220402667821666063
1085102798730628927
73481526273052431
1085102592571170687
76283081900625679
1085102592574295935
1230983897007084885
6148914837265405815
1374463283925562163
3689348831989151543
864026623
1322849927167
536821759
844459289870335
217038317667169075
3689348814742175551
33496067697737855
143835907860926975
1442807807
281844343898111
1239355432509846323
3689349106799948663
362274852243443471
1085120253476675423
24019196938900821
6148914699826451967
24488834091647231
71777214579807743
86469112040207155
3689348866281517951
1374463421364507443
3690474731828885303
104999065517951
72620539713552383
221524325108495155
3689348814742697791
1465909247
5592047419391
57170309709823
562945661861887
17587891109887
562945659502591
5912069744296191
71777214294611967
536829951
1407409243291647
260046847
1168231104511
14355769289801983
71777214311379967
96065533575167
281470767071231
73558793913718101
6148914691236519807
1971420070347007
71777214294597631
95988831120348501
6148914691237172607
61568356218879
5066545287135231
1230909131357246805
6148914691238745975
1467482111
18786186952703
23926468245389567
71778313806239231
5349119790874879
71777214294603775
33496033337999615
71778314091434495
26740668256682111
143835907860923903
34355443466239
281470732599295
17733468997746943
71780512846251007
218150833849569039
1085102592840638271
1476360191
4785169093361663
14411518270714675
3689348831921779711
96002025259881813
6148914691238745471
131387344584575
72620539714338815
26740530817728767
71778313890104831
131387344582655
5066545303781375
939489279
4785160503427071
4238681868013327
1085102661290627071
5404319552844595
3689348814741911551
506381209867063055
1085102661560114975
33496067697213695
71795906009043455
1229857997167351125
6148914699826460535
24489418198286591
71795905992267263
69814693412863
1125895628914687
8791798120447
281470683840511
131352984846335
562945944846335
1230346034802275123
3689348814746367863
60984240701439
281470968266751
15481394318737663
71777214344926207
362266021925424911
1085102592840638303
94003949273087
281470704156671
26740668254585087
71782711869507071
230549115743974195
3689348866281780031
1476354047
1407469372833791
230549116012401459
3690474731828884287
104999065509887
1688845582467071
86469112275088179
3689349106799686527
4222670128218367
71777214311370751
366292768350623061
6148914734186190687
930611199
18777597018111
1248927926839481685
6149477649780004215
35180077137919
1125895612399615
96076790708393301
6148914734186190207
526385151
5531917877247
1519143629603820885
6148914699860137815
362274852210413327
1085102936168537951
1434451967
1468878815231
14376334435496755
3689348814742172671
366204808762578261
6148914691237173087
1230383417658651443
3689353229968291703
218159664101003023
1085102798729584447
506381244226277135
1085120253477723935
15481634836906239
71777214579807231
1602191231
72340194296070143
384236798384346453
6149477649780004191
24488731012432127
71777214378481151
8726819498819839
71780512829474815
1230913254525850965
6148914691270203255
17733469001941119
143835907860923391
1248923528792986965
6148914699828680055
4229885909208847
1085102592572198911
1061126143
284790691463167
218159664167587599
1085120253476675391
56620553928703
281470701928447
61568356204543
1125895613186047
23948829268464981
6148914691236648447
369098751
377957122047
506381244226799375
1089606260919050015
15482218939875583
71780512829477887
76285280923881231
1085102592576393087
1519143904477533525
6148916898849838935
1229820467707327283
3689348831921796983
1239355432543392563
3690474731828884343
361703106331741967
1085102592572219231
1229785283872109363
3689348814742189943
96168612790271
281470968397823
366292768614864213
6148916898849707871
230531523826365235
3689348831922565951
361718801321252181
6148914691236650847
366222126070715733
6148914691270203231
221541779855586099
3689348814809282367
1230383417627194163
3689349106799687543
524287999
3332894621695
35180077146111
1688845565820927
6004799503160661
6148914691236517887
1986882188545807
1085102592571154431
76296275838832399
1085102798729580415
364517855931076367
1085102936169582431
218146470162796303
1085102592574299967
939474943
844510829477887
24489418196713727
71782711852733951
872382463
281698315010047
72958313963402035
3689348814741913471
384219206198318421
6148914699827107167
60743722532863
281470733385727
96752728301567
1688845566738431
24184960909311
281470687510527
72918576319631119
1085102592571162495
361789168991688021
6148914699826454367
1519143904481711445
6149477649780004695
17733194124034303
71778313856549887
69539815522303
562945709047807
1600094207
286998304653311
217024968302464783
1085102592572211007
94553705054207
562945664090111
361711902290546447
1085102661290647391
23925918497964287
71777214311388671
8726132316635391
71777214378477567
1065304063
845541621628927
76296275872386831
1085102936168533887
76898963637351219
3689348814741927807
5348432899432287
361756054536534015
73484025742701567
14371988503486335
73468332171670527
14449193657524095
76848531326046207
4278471758935935
21299067818847
375774827777622015
72920929793955327
23942274580168575
5934154453565247
217021602260801535
5368996889059167
361701938774358015
5911245447577407
217113238284752895
8207807743863
1233723648051773439
1970836056012663
1229798391555235839
1978051490969463
1229783960685322239
23360683578687
240664777340747775
72907581239285247
23981959472430975
76846186309685247
4315992020711295
361701079107178303
220411464188387167
361701080286188919
1248998295550779231
4240949744967455
506390040326639615
14360958452578103
1374498605739488255
4801700423663615
131937218820095
1248923528725864287
362352266049967479
217020879493599071
364526652295692095
72341263759835135
140183445929855
33496033337479039
76299505904849407
1407397217697791
21111374831615
72341263776416255
35747867511455615
364515656907831103
221537707625484127
17733194119861631
95987360876921855
1239353233486585663
218199694008333175
17588177412095
2101677822836735
1229782998949507903
230584300187645815
104861629898623
73522139315437567
1463687059026743
1383470620619268095
24019196637042519
1519143811066189311
4223220154569215
33503729927786495
66428827519
76861433622560767
131352985827199
76860256819478527
1519143629599610367
24584355612940119
69539821076351
72996572723675135
220643417983
73470488826871807
1229820467672462143
230536214467540855
1374463283923457023
15541834008180535
938257080909823
70364807118847
1463686200164351
105549143433215
23929045234156543
17734019105904127
4240949509034495
33496617570471935
14360957610296831
26741218329179135
18764980494335
1970391265837055
361789168721286519
1248925771839659871
384219205929875319
1230420991144842591
844439246864383
23455890096127
217073501236310903
1239357683643137855
14411518036096823
1374463610879947775
366133329791
72905331830685695
506381209866536959
8759942804610847
23926468293100543
17756283876627967
938258512434519
1537158302991204351
26740530815644543
86419410725570047
4785147872280575
7763019134975
4801700676177695
508633044040513535
57170393905151
5452886187442175
1229857997096703327
384221552324212599
217020880099947383
1239390616949833535
230531523557939063
1230946419691434815
5519905339391
5348245200961535
3312862582783
5911340644302847
72340172854788095
547599908735
94553755572223
5980514332049407
23929046649100119
1519214273224463871
14356319116396031
26761421547058175
220398269775173471
366215708213710655
361711902259613503
220416205759930207
217033764198879071
364533455420079935
4238682036838175
506381691037618175
1229782999522170207
384307166895896439
506390040319823631
1085102661290630943
69814693462015
281470698782719
105548821331967
562945658847231
26740668265070847
71777214311368191
96752728342527
281470683185151
17733469010329855
71777214311367679
1476395007
94489280511
221577101666628403
3689348814741911359
24489418207199487
71777214294595071
1602224127
1125281431551
8726819511402751
71777214294591487
1073709055
281492156579839
33496617453551871
71778313806221823
86469112845513523
3689348814741910399
131937100398591
562945659633663
1230983898147935573
6148914691236517751
35747867511423231
71778313822994943
15482218952458495
71777214294594559
96076792050570581
6148914691236517247
220411463981797135
1085102661290626879
61568356253695
281470683054079
70364449243135
562945658716159
140183437606911
562945675362303
35180077187071
281470682267647
939524095
85899345919
33496067706126591
71777214311371263
1374498605736604467
3689348831921780535
1065353215
1116691496959
1248998295583675733
6148914699826451831
2013233151
281552286121983
506381244361019151
1085102592572202783
362274852378185487
1085102592571154271
1519214273225905493
6148914699826452311
366292769692800341
6148914691236517727
26741218012496127
71778313806218751
536870911
34359738367
384236799458104661
6148914691236648287
104999065550847
281470698913791
1230383418197619507
3689348814741911415
131387344617471
281470699700223
1239355433080271667
3689348814742172535
1383470620619256627
3689348831922041655
230549116549280563
3689348814742172479
17734018757755135
71778313806218239
364517856098848527
1085102592572198751
1239390616915489587
3689348831921779575
2004877311
1176821039103
1519143905555469653
6148914691236648791
508633044040486671
1085102661291675423
1374463421901386547
3689348814742173495
2139062271
282583078273023
76296276040158991
1085102592571150207
230584300384498483
3689348831921779519
364526652057653007
1085102661290626911
220402668022992655
1085102592572198719
1248927927913239893
6148914691236648311
1610579967
281500746514431
218159664302329615
1085102592571154239
384307167128540501
6148914699826451807
1537158302991209813
6148914699826582871
508641840267726607
1085102592571150111
2147483647
8589934591
35748417275625727
71777214294589951
1383505805528216371
3689348814741910327
1537228672809129301
6148914691236517207
140733193453567
281470681874431
1229798391544094559
362352264734013303
23925738148724735
23361769919999
375774827777560383
220416205832262495
1096682002431
5934154466197503
14355735169142655
76283081949918207
93823816392575
73468333312573439
4801701281480511
217073501298718719
23981959304001399
1230420990001108479
23944430048190303
362263858443146751
72355626147057663
4222670364180351
95984431664594943
94005383615871
217024933757126655
8725995383111487
240664777340683263
17756284216350015
361701079780898615
1374463283928457055
217113238271383415
1230946419185368895
4278470613873471
230536213662207999
56294394249087
72907581809754111
217020879307998207
17733194472177471
361701078938812415
104861951549279
14449193405079423
73522139521954815
14360957596991487
57170634683391
4222189934966655
76846186488598527
217020571468650335
366222124894863167
1423932841738047
217038317060841471
1229782998612647711
506381209873905527
860983460847455
361718800142254079
240664777340695415
1239357683140597055
361701078955132415
26740531134422879
1463687631435639
1229857997131571199
96031190505471
5912070081347583
93969842134911
73481526311256063
1463686216496127
14356319351037951
16558532812671
73484025944080383
361700864206780415
5348434179481439
1229787353489282559
24488835540285303
14449193405863295
95987361100674047
217020519929042943
5934155510529855
900720498276215
1229787628924256255
23942273724518271
76299505687811583
1233723648051729759
384221551017789303
86414136425316351
56621417837439
23925738350526335
72907582393505279
93823627646975
5911246525562879
366204532538343423
96066999375711
19787166982143
1986881943764991
34218021167103
1971420171599871
93867369265023
76898962867879935
217020518519799807
23361388232511
24488696641748991
24185329882623
14371987077402495
76299505654248447
4315991161927551
76860256622546943
1229798391539638271
2101677939718007
4315991165064575
95987360899338239
361701937932220415
5452886190284639
217113238268237823
5980514680127295
4278470332855167
86419410678648831
56586446782335
72918576355606527
361718525112292863
24488732461064031
60709379454975
5349120094240767
361756054523426615
1374463610340990815
1229783960450437631
33503729918900087
1229783084511993663
218150834460391287
93824420378495
76846187651923967
4395183200255
6004798075699199
361701208629917559
1230348096959897439
1229785145876091903
15481635746576247
938257333313375
361711902530027519
361700864193724415
21300342906719
4878898418376543
361703107510761471
4225489042364255
366204807586713599
14355442943131647
21299615183871
375774827777578359
1248925770732999519
23929045223079935
94554061493759
14371987157094207
220416205558592511
1229782938262904831
1970837942400887
16557400858623
1970836190789631
14371987072966527
73522139282486271
1229782938248282111
8209686820727
14449193489225079
1248925770698798079
221524186862190591
60744649357119
1233723648051712511
33503730036311927
23929045475331935
364515657179420159
1229783960449523711
2101677829617527
23931236514215799
1230346035375592959
1229783960483206143
15541833089644407
23925781905748863
86431728691795455
217020518530766847
5911246154972991
240664777340686175
364533455523878207
217020880706295639
1519143629602373439
4240950352098111
230531523629486079
361701937965893631
8759942288727903
217020726087473015
1230913253953978175
361700865032534015
5368998482894687
217113238269024095
366215708311633727
23929046080893815
1239353233554494975
14360957849374527
220398270048842751
4278470411499327
221537707421274111
14358742824343415
1230909130785371135
23942274007506783
362352264700974591
4240950924629343
384219205965647871
14355443111387007
73468332753236991
1095738793983
1978051499917311
4315991212250975
366215708047380479
4278470327629695
76860256586764287
15481359945957375
21986273072127
1408470959469567
14376333593239551
361700907982206783
221541779254501215
361756054520805183
221537707687632735
1229783960516892159
24584354155427703
56294236960767
5348433438441471
4222396665910655
95988829755740159
938257097381375
23926468594974719
16764689014655
73558792533442559
1463686452428607
217033764464975871
4222533532332927
86416335528988671
23981959220117375
72996572961658367
23925738956078975
72920931151861247
1229798391540555551
506381690902902647
56295568668543
76848532131414015
1229782998392443391
33496033454946167
14371987358162751
218199693196211199
72341263995572223
4238681757941631
1501199303407479
1229785284444774399
361701937935484415
26761421536583519
72432892608730623
23925919912918911
4801700439199743
4223219985774591
1229782998376906751
131353110083447
1230345896790851583
60985171195767
4801701854142303
361789168752228351
23981959270577015
1239357683072718335
72341265174582783
24019196589342591
361756054520150015
5452886504071007
1230908855334338559
96170080163703
14374134809042751
218146470773601279
362263822733934591
34493408681823
16901555306367
72958313189343231
56347107620735
76936492256329727
4786170074435583
4229885673306111
1229783230540881759
362266023106672503
72341264601920511
14411517956947839
375774827777570615
1374463610345952095
14360959027467639
1248923528760079359
72395363184489471
14355770132103039
217038179436270591
15481395228393279
4841368994135871
217024968908830719
23942273722302335
72996572757972479
845521578579455
23948827853537279
375774827777558015
26761421855331167
1229782938483105791
1978053487458167
4315991448180063
384221550982008831
217113238273742679
1519143809988247359
1233723648051721023
230536213733771127
1233723648051715871
506381690910214007
4222190507489151
76848531540742143
14449193455409015
1230946419122451455
16557962379135
72920929961771007
4227687493089087
221524324507389951
361703071819958271
8726132822073183
76280882642550783
17038395248511
218146435601268735
34355967631167
1096143026175
5368996899586047
23942273772752735
364533455252313599
217021601115476991
15541833085959999
938257939658615
1229820467743113215
361756054525392759
1230420990032568159
217021600846010367
5980514330558271
240664777340704599
1519143809990989119
8725857424113663
8791932209151
14355444289462143
73484026563736575
14355495829067135
96002023895282687
4240949493366783
17588016320511
23925884379402111
76285280973182463
217021600913360895
8759942286622527
361701938201695743
24584354153848671
217020879291547647
69540171956031
23981959220769663
86419410913547775
217021600851493887
17756283864039231
4222189362479103
8207950876671
1229798391541866303
218199693262813047
6593633794047
5404318700142591
